209.949158
181.355927
190.372879
218.271179
173.983047
214.525421
173.305084
221.101700
192.067795
196.016953
171.271179
171.779663
178.830505
187.864410
168.000000
202.135590
213.186447
158.559326
173.322037
166.084747
167.881363
170.389832
169.305084
177.271179
157.966095
150.661011
157.593216
164.847458
152.406784
149.474579
145.677963
147.372879
170.135590
148.423721
155.254242
144.152542
161.898300
172.169495
160.338989
150.457626
169.491531
181.491531
164.644073
182.440674
185.016953
202.271179
204.983047
207.661011
215.813553
215.644073
237.016953
217.084747
250.779663
288.983063
325.593231
310.610168
376.203400
298.745758
354.576263
337.491516
