115.924530
112.924530
121.981133
119.452827
113.830185
126.490562
112.622643
128.264145
135.660370
110.735847
114.301888
110.981133
112.981133
116.056602
116.264153
123.773582
120.150940
120.452827
118.886795
131.075470
130.207550
121.471695
116.113205
104.113205
120.528305
108.339622
101.773582
118.339622
112.264153
115.320755
105.849060
110.679245
113.132072
105.056602
94.867928
88.358490
90.113205
90.603775
90.716980
90.415092
88.358490
92.867928
112.396225
106.905663
100.584908
97.849060
93.056602
93.509438
99.094337
110.301888
108.905663
112.867928
112.000000
112.301888
