0 1 4
0 2 2
0 3 40
1 3 36
1 5 33
2 4 36
2 5 45
3 6 21
4 5 34
4 8 10
6 7 22
6 11 24
7 9 31
7 10 2
8 9 4
8 10 46
9 10 32
11 12 12
11 13 10
12 13 24
12 14 20
13 16 9
14 15 7
14 16 23
15 22 3
15 24 47
16 25 15
17 18 26
17 21 18
17 25 37
18 20 38
18 23 48
19 20 29
19 21 13
19 22 41
20 21 33
22 23 39
23 24 19
24 25 9
26 27 1
26 35 5
26 36 35
27 28 17
27 32 15
28 29 5
28 31 12
29 30 2
29 34 7
30 32 26
30 34 34
31 34 5
31 42 28
32 33 7
33 45 6
33 46 34
35 38 23
35 41 10
36 37 29
36 38 40
37 40 42
37 42 41
38 39 3
39 40 1
39 42 13
40 41 16
41 43 24
43 44 37
43 45 40
44 46 44
44 49 43
45 47 16
46 47 37
47 48 32
48 49 18
