0 1 26
0 2 6
0 3 46
0 4 21
0 5 47
0 6 74
0 7 81
0 8 33
0 9 49
0 10 20
0 11 64
0 12 74
0 13 68
0 14 94
0 15 72
0 16 40
0 17 30
0 18 52
0 19 77
0 20 61
0 21 34
0 22 60
0 23 27
0 24 82
0 25 72
0 26 59
0 27 58
0 28 54
0 29 16
0 30 43
0 31 42
0 32 41
0 33 49
0 34 39
0 35 14
1 2 47
1 3 12
1 4 94
1 5 32
1 6 61
1 7 66
1 8 95
1 9 86
1 10 33
1 11 88
1 12 57
1 13 72
1 14 17
1 15 61
1 16 48
1 17 29
1 18 46
1 19 60
1 20 7
1 21 79
1 22 83
1 23 18
1 24 36
1 25 37
1 26 33
1 27 79
1 28 78
1 29 25
1 30 27
1 31 16
1 32 90
1 33 73
1 34 28
1 35 36
2 3 4
2 4 40
2 5 1
2 6 50
2 7 77
2 8 33
2 9 89
2 10 86
2 11 5
2 12 57
2 13 46
2 14 4
2 15 38
2 16 43
2 17 63
2 18 44
2 19 21
2 20 98
2 21 61
2 22 57
2 23 34
2 24 45
2 25 35
2 26 63
2 27 22
2 28 13
2 29 30
2 30 11
2 31 85
2 32 9
2 33 46
2 34 41
2 35 48
3 4 46
3 5 42
3 6 77
3 7 79
3 8 31
3 9 62
3 10 35
3 11 87
3 12 59
3 13 38
3 14 24
3 15 1
3 16 53
3 17 68
3 18 21
3 19 50
3 20 80
3 21 29
3 22 35
3 23 25
3 24 63
3 25 97
3 26 46
3 27 75
3 28 26
3 29 56
3 30 12
3 31 35
3 32 54
3 33 4
3 34 34
3 35 99
4 5 45
4 6 10
4 7 29
4 8 75
4 9 71
4 10 15
4 11 62
4 12 81
4 13 53
4 14 37
4 15 33
4 16 57
4 17 56
4 18 6
4 19 58
4 20 36
4 21 34
4 22 92
4 23 60
4 24 97
4 25 88
4 26 57
4 27 23
4 28 65
4 29 64
4 30 86
4 31 99
4 32 17
4 33 89
4 34 85
4 35 68
5 6 34
5 7 94
5 8 48
5 9 60
5 10 17
5 11 63
5 12 73
5 13 49
5 14 67
5 15 10
5 16 82
5 17 75
5 18 65
5 19 87
5 20 32
5 21 100
5 22 20
5 23 23
5 24 11
5 25 68
5 26 62
5 27 19
5 28 91
5 29 78
5 30 83
5 31 28
5 32 29
5 33 51
5 34 17
5 35 13
6 7 70
6 8 2
6 9 58
6 10 70
6 11 61
6 12 74
6 13 32
6 14 34
6 15 75
6 16 50
6 17 43
6 18 56
6 19 24
6 20 59
6 21 42
6 22 55
6 23 59
6 24 61
6 25 29
6 26 21
6 27 81
6 28 42
6 29 40
6 30 23
6 31 19
6 32 74
6 33 50
6 34 47
6 35 24
7 8 18
7 9 11
7 10 46
7 11 19
7 12 69
7 13 15
7 14 80
7 15 94
7 16 98
7 17 65
7 18 68
7 19 47
7 20 59
7 21 23
7 22 22
7 23 17
7 24 64
7 25 28
7 26 27
7 27 77
7 28 8
7 29 48
7 30 57
7 31 49
7 32 87
7 33 31
7 34 19
7 35 60
8 9 80
8 10 18
8 11 35
8 12 98
8 13 28
8 14 80
8 15 16
8 16 96
8 17 94
8 18 47
8 19 90
8 20 43
8 21 63
8 22 57
8 23 41
8 24 21
8 25 32
8 26 62
8 27 90
8 28 47
8 29 89
8 30 16
8 31 23
8 32 96
8 33 63
8 34 31
8 35 96
9 10 1
9 11 61
9 12 67
9 13 12
9 14 93
9 15 84
9 16 99
9 17 90
9 18 11
9 19 78
9 20 57
9 21 59
9 22 24
9 23 56
9 24 100
9 25 66
9 26 18
9 27 8
9 28 7
9 29 91
9 30 39
9 31 20
9 32 80
9 33 86
9 34 9
9 35 47
10 11 60
10 12 56
10 13 10
10 14 91
10 15 4
10 16 62
10 17 3
10 18 70
10 19 26
10 20 95
10 21 53
10 22 24
10 23 36
10 24 15
10 25 53
10 26 93
10 27 73
10 28 76
10 29 100
10 30 24
10 31 94
10 32 69
10 33 32
10 34 52
10 35 59
11 12 22
11 13 71
11 14 90
11 15 7
11 16 31
11 17 37
11 18 67
11 19 39
11 20 98
11 21 9
11 22 42
11 23 59
11 24 63
11 25 63
11 26 36
11 27 58
11 28 15
11 29 59
11 30 45
11 31 81
11 32 12
11 33 89
11 34 6
11 35 39
12 13 88
12 14 29
12 15 32
12 16 57
12 17 60
12 18 35
12 19 67
12 20 82
12 21 6
12 22 57
12 23 40
12 24 88
12 25 45
12 26 58
12 27 26
12 28 42
12 29 18
12 30 19
12 31 52
12 32 81
12 33 81
12 34 88
12 35 90
13 14 47
13 15 98
13 16 34
13 17 28
13 18 9
13 19 23
13 20 33
13 21 48
13 22 62
13 23 13
13 24 31
13 25 70
13 26 25
13 27 66
13 28 37
13 29 58
13 30 23
13 31 45
13 32 97
13 33 10
13 34 89
13 35 7
14 15 88
14 16 82
14 17 24
14 18 6
14 19 33
14 20 4
14 21 87
14 22 72
14 23 93
14 24 85
14 25 70
14 26 27
14 27 12
14 28 78
14 29 1
14 30 96
14 31 77
14 32 62
14 33 9
14 34 60
14 35 32
15 16 33
15 17 25
15 18 20
15 19 90
15 20 47
15 21 64
15 22 38
15 23 8
15 24 4
15 25 44
15 26 95
15 27 85
15 28 68
15 29 1
15 30 69
15 31 71
15 32 39
15 33 41
15 34 16
15 35 23
16 17 10
16 18 94
16 19 87
16 20 39
16 21 94
16 22 34
16 23 68
16 24 7
16 25 42
16 26 27
16 27 38
16 28 26
16 29 51
16 30 57
16 31 67
16 32 49
16 33 72
16 34 5
16 35 56
17 18 75
17 19 48
17 20 51
17 21 59
17 22 67
17 23 3
17 24 28
17 25 90
17 26 93
17 27 20
17 28 5
17 29 67
17 30 29
17 31 50
17 32 5
17 33 19
17 34 43
17 35 39
18 19 86
18 20 49
18 21 32
18 22 12
18 23 39
18 24 58
18 25 62
18 26 95
18 27 76
18 28 62
18 29 19
18 30 80
18 31 70
18 32 93
18 33 80
18 34 72
18 35 4
19 20 98
19 21 74
19 22 83
19 23 87
19 24 18
19 25 2
19 26 43
19 27 84
19 28 82
19 29 92
19 30 89
19 31 100
19 32 34
19 33 27
19 34 86
19 35 35
20 21 58
20 22 97
20 23 73
20 24 67
20 25 11
20 26 19
20 27 43
20 28 72
20 29 37
20 30 74
20 31 93
20 32 82
20 33 5
20 34 64
20 35 85
21 22 3
21 23 37
21 24 19
21 25 89
21 26 54
21 27 20
21 28 84
21 29 90
21 30 1
21 31 75
21 32 78
21 33 52
21 34 61
21 35 56
22 23 37
22 24 47
22 25 13
22 26 86
22 27 19
22 28 32
22 29 96
22 30 89
22 31 26
22 32 19
22 33 26
22 34 99
22 35 64
23 24 7
23 25 4
23 26 27
23 27 43
23 28 6
23 29 16
23 30 61
23 31 46
23 32 69
23 33 32
23 34 29
23 35 10
24 25 84
24 26 56
24 27 87
24 28 35
24 29 16
24 30 42
24 31 24
24 32 62
24 33 7
24 34 9
24 35 32
25 26 38
25 27 56
25 28 20
25 29 63
25 30 26
25 31 97
25 32 13
25 33 89
25 34 55
25 35 16
26 27 16
26 28 97
26 29 73
26 30 31
26 31 9
26 32 19
26 33 51
26 34 92
26 35 99
27 28 13
27 29 75
27 30 54
27 31 99
27 32 62
27 33 21
27 34 93
27 35 85
28 29 82
28 30 99
28 31 45
28 32 65
28 33 88
28 34 52
28 35 85
29 30 2
29 31 77
29 32 81
29 33 14
29 34 18
29 35 36
30 31 82
30 32 85
30 33 84
30 34 6
30 35 67
31 32 45
31 33 76
31 34 69
31 35 36
32 33 75
32 34 81
32 35 63
33 34 80
33 35 80
34 35 24
