0 1 27
0 2 53
0 3 96
0 4 100
0 5 12
0 6 100
0 7 27
0 8 6
0 9 6
0 10 86
0 11 62
0 12 24
0 13 99
0 14 10
0 15 5
0 16 97
0 17 88
0 18 7
0 19 66
0 20 24
0 21 62
0 22 89
0 23 13
0 24 98
0 25 24
0 26 73
0 27 51
0 28 75
0 29 38
0 30 85
0 31 78
0 32 16
0 33 37
0 34 74
0 35 16
0 36 100
0 37 25
0 38 42
0 39 58
0 40 30
0 41 28
0 42 19
0 43 53
0 44 78
0 45 29
0 46 9
0 47 75
0 48 68
0 49 16
0 50 92
0 51 91
0 52 29
0 53 80
1 2 55
1 3 26
1 4 3
1 5 79
1 6 76
1 7 29
1 8 69
1 9 12
1 10 59
1 11 84
1 12 100
1 13 32
1 14 51
1 15 51
1 16 8
1 17 93
1 18 8
1 19 37
1 20 72
1 21 27
1 22 42
1 23 49
1 24 7
1 25 2
1 26 75
1 27 74
1 28 69
1 29 19
1 30 17
1 31 97
1 32 98
1 33 23
1 34 74
1 35 53
1 36 2
1 37 49
1 38 81
1 39 22
1 40 12
1 41 91
1 42 5
1 43 11
1 44 22
1 45 56
1 46 62
1 47 29
1 48 100
1 49 69
1 50 18
1 51 23
1 52 47
1 53 11
2 3 23
2 4 53
2 5 12
2 6 50
2 7 27
2 8 81
2 9 68
2 10 95
2 11 29
2 12 17
2 13 17
2 14 3
2 15 69
2 16 70
2 17 3
2 18 2
2 19 91
2 20 67
2 21 92
2 22 48
2 23 77
2 24 66
2 25 3
2 26 90
2 27 46
2 28 54
2 29 59
2 30 15
2 31 76
2 32 57
2 33 25
2 34 50
2 35 10
2 36 89
2 37 99
2 38 88
2 39 21
2 40 18
2 41 82
2 42 49
2 43 35
2 44 50
2 45 3
2 46 55
2 47 72
2 48 58
2 49 56
2 50 14
2 51 24
2 52 100
2 53 61
3 4 100
3 5 65
3 6 15
3 7 42
3 8 62
3 9 20
3 10 100
3 11 77
3 12 47
3 13 56
3 14 1
3 15 97
3 16 17
3 17 89
3 18 47
3 19 4
3 20 61
3 21 65
3 22 85
3 23 10
3 24 99
3 25 87
3 26 64
3 27 53
3 28 58
3 29 21
3 30 61
3 31 23
3 32 44
3 33 60
3 34 84
3 35 96
3 36 76
3 37 50
3 38 37
3 39 89
3 40 70
3 41 88
3 42 65
3 43 16
3 44 95
3 45 18
3 46 64
3 47 12
3 48 58
3 49 11
3 50 67
3 51 19
3 52 75
3 53 4
4 5 80
4 6 25
4 7 90
4 8 43
4 9 77
4 10 99
4 11 64
4 12 89
4 13 21
4 14 59
4 15 100
4 16 56
4 17 6
4 18 27
4 19 6
4 20 94
4 21 16
4 22 27
4 23 81
4 24 80
4 25 94
4 26 28
4 27 49
4 28 58
4 29 91
4 30 7
4 31 68
4 32 57
4 33 25
4 34 94
4 35 60
4 36 4
4 37 18
4 38 49
4 39 46
4 40 46
4 41 99
4 42 61
4 43 35
4 44 20
4 45 72
4 46 86
4 47 27
4 48 29
4 49 13
4 50 84
4 51 23
4 52 28
4 53 10
5 6 55
5 7 59
5 8 56
5 9 82
5 10 8
5 11 65
5 12 24
5 13 66
5 14 84
5 15 81
5 16 90
5 17 77
5 18 40
5 19 45
5 20 94
5 21 41
5 22 42
5 23 91
5 24 39
5 25 55
5 26 77
5 27 10
5 28 26
5 29 63
5 30 37
5 31 54
5 32 75
5 33 20
5 34 28
5 35 54
5 36 82
5 37 83
5 38 12
5 39 37
5 40 16
5 41 71
5 42 53
5 43 40
5 44 36
5 45 36
5 46 20
5 47 77
5 48 12
5 49 11
5 50 21
5 51 57
5 52 51
5 53 63
6 7 47
6 8 42
6 9 17
6 10 24
6 11 51
6 12 94
6 13 86
6 14 39
6 15 47
6 16 12
6 17 11
6 18 27
6 19 65
6 20 92
6 21 9
6 22 28
6 23 80
6 24 24
6 25 99
6 26 32
6 27 15
6 28 34
6 29 19
6 30 34
6 31 11
6 32 30
6 33 97
6 34 83
6 35 38
6 36 47
6 37 45
6 38 84
6 39 40
6 40 13
6 41 59
6 42 43
6 43 6
6 44 96
6 45 81
6 46 5
6 47 59
6 48 43
6 49 31
6 50 23
6 51 86
6 52 39
6 53 51
7 8 17
7 9 14
7 10 1
7 11 100
7 12 29
7 13 34
7 14 18
7 15 14
7 16 96
7 17 47
7 18 10
7 19 79
7 20 84
7 21 9
7 22 75
7 23 20
7 24 48
7 25 88
7 26 30
7 27 42
7 28 93
7 29 26
7 30 75
7 31 97
7 32 84
7 33 17
7 34 27
7 35 59
7 36 3
7 37 17
7 38 61
7 39 71
7 40 83
7 41 61
7 42 71
7 43 11
7 44 94
7 45 88
7 46 24
7 47 42
7 48 35
7 49 86
7 50 72
7 51 70
7 52 94
7 53 46
8 9 41
8 10 93
8 11 85
8 12 71
8 13 87
8 14 78
8 15 48
8 16 61
8 17 26
8 18 83
8 19 29
8 20 5
8 21 41
8 22 83
8 23 73
8 24 1
8 25 54
8 26 55
8 27 61
8 28 24
8 29 65
8 30 7
8 31 11
8 32 41
8 33 100
8 34 97
8 35 78
8 36 71
8 37 19
8 38 23
8 39 68
8 40 59
8 41 67
8 42 53
8 43 81
8 44 53
8 45 82
8 46 28
8 47 13
8 48 59
8 49 11
8 50 94
8 51 63
8 52 3
8 53 76
9 10 36
9 11 56
9 12 29
9 13 42
9 14 68
9 15 52
9 16 59
9 17 26
9 18 63
9 19 99
9 20 25
9 21 59
9 22 28
9 23 47
9 24 29
9 25 50
9 26 15
9 27 88
9 28 16
9 29 19
9 30 68
9 31 21
9 32 100
9 33 96
9 34 33
9 35 58
9 36 58
9 37 26
9 38 73
9 39 12
9 40 54
9 41 60
9 42 19
9 43 82
9 44 1
9 45 87
9 46 34
9 47 59
9 48 64
9 49 96
9 50 9
9 51 89
9 52 6
9 53 88
10 11 87
10 12 35
10 13 37
10 14 53
10 15 74
10 16 5
10 17 71
10 18 41
10 19 25
10 20 22
10 21 88
10 22 9
10 23 32
10 24 97
10 25 87
10 26 56
10 27 9
10 28 40
10 29 15
10 30 79
10 31 21
10 32 67
10 33 65
10 34 54
10 35 78
10 36 29
10 37 1
10 38 38
10 39 69
10 40 59
10 41 78
10 42 7
10 43 45
10 44 14
10 45 60
10 46 18
10 47 70
10 48 82
10 49 10
10 50 46
10 51 4
10 52 98
10 53 55
11 12 87
11 13 46
11 14 93
11 15 42
11 16 54
11 17 32
11 18 8
11 19 85
11 20 4
11 21 26
11 22 49
11 23 10
11 24 55
11 25 29
11 26 10
11 27 93
11 28 49
11 29 20
11 30 70
11 31 56
11 32 64
11 33 35
11 34 67
11 35 81
11 36 57
11 37 48
11 38 91
11 39 2
11 40 3
11 41 40
11 42 56
11 43 89
11 44 85
11 45 100
11 46 82
11 47 91
11 48 31
11 49 89
11 50 75
11 51 35
11 52 67
11 53 75
12 13 44
12 14 21
12 15 56
12 16 5
12 17 65
12 18 4
12 19 25
12 20 34
12 21 11
12 22 40
12 23 21
12 24 77
12 25 21
12 26 77
12 27 77
12 28 63
12 29 30
12 30 79
12 31 54
12 32 38
12 33 68
12 34 90
12 35 37
12 36 49
12 37 80
12 38 68
12 39 90
12 40 6
12 41 54
12 42 56
12 43 33
12 44 49
12 45 76
12 46 88
12 47 5
12 48 41
12 49 43
12 50 29
12 51 26
12 52 6
12 53 69
13 14 98
13 15 82
13 16 41
13 17 26
13 18 58
13 19 55
13 20 56
13 21 89
13 22 60
13 23 93
13 24 56
13 25 49
13 26 81
13 27 56
13 28 81
13 29 100
13 30 97
13 31 38
13 32 53
13 33 4
13 34 70
13 35 53
13 36 80
13 37 57
13 38 58
13 39 72
13 40 52
13 41 38
13 42 49
13 43 57
13 44 58
13 45 99
13 46 90
13 47 50
13 48 24
13 49 100
13 50 56
13 51 31
13 52 88
13 53 15
14 15 75
14 16 95
14 17 16
14 18 56
14 19 2
14 20 96
14 21 55
14 22 99
14 23 85
14 24 60
14 25 2
14 26 55
14 27 12
14 28 33
14 29 63
14 30 21
14 31 56
14 32 14
14 33 59
14 34 57
14 35 22
14 36 16
14 37 55
14 38 64
14 39 18
14 40 30
14 41 63
14 42 73
14 43 61
14 44 2
14 45 40
14 46 35
14 47 48
14 48 55
14 49 42
14 50 49
14 51 2
14 52 97
14 53 99
15 16 86
15 17 8
15 18 53
15 19 92
15 20 19
15 21 85
15 22 55
15 23 92
15 24 93
15 25 20
15 26 50
15 27 1
15 28 94
15 29 17
15 30 55
15 31 57
15 32 34
15 33 36
15 34 71
15 35 59
15 36 48
15 37 72
15 38 98
15 39 35
15 40 19
15 41 52
15 42 76
15 43 67
15 44 53
15 45 24
15 46 18
15 47 90
15 48 31
15 49 70
15 50 82
15 51 2
15 52 6
15 53 88
16 17 93
16 18 98
16 19 7
16 20 94
16 21 98
16 22 52
16 23 62
16 24 4
16 25 8
16 26 48
16 27 92
16 28 78
16 29 6
16 30 39
16 31 1
16 32 3
16 33 73
16 34 19
16 35 6
16 36 49
16 37 38
16 38 10
16 39 24
16 40 55
16 41 99
16 42 55
16 43 24
16 44 32
16 45 8
16 46 29
16 47 19
16 48 100
16 49 79
16 50 78
16 51 45
16 52 28
16 53 29
17 18 6
17 19 84
17 20 37
17 21 53
17 22 75
17 23 66
17 24 58
17 25 13
17 26 67
17 27 12
17 28 38
17 29 37
17 30 17
17 31 86
17 32 74
17 33 26
17 34 9
17 35 28
17 36 77
17 37 15
17 38 3
17 39 8
17 40 22
17 41 84
17 42 27
17 43 73
17 44 62
17 45 56
17 46 17
17 47 89
17 48 84
17 49 75
17 50 72
17 51 72
17 52 79
17 53 98
18 19 38
18 20 89
18 21 63
18 22 56
18 23 100
18 24 100
18 25 92
18 26 69
18 27 85
18 28 66
18 29 94
18 30 45
18 31 45
18 32 22
18 33 12
18 34 100
18 35 30
18 36 33
18 37 83
18 38 8
18 39 58
18 40 44
18 41 63
18 42 26
18 43 84
18 44 46
18 45 100
18 46 8
18 47 18
18 48 79
18 49 5
18 50 7
18 51 19
18 52 67
18 53 62
19 20 18
19 21 66
19 22 53
19 23 38
19 24 2
19 25 70
19 26 32
19 27 47
19 28 67
19 29 53
19 30 10
19 31 66
19 32 34
19 33 42
19 34 48
19 35 41
19 36 51
19 37 91
19 38 3
19 39 77
19 40 74
19 41 1
19 42 28
19 43 81
19 44 18
19 45 58
19 46 38
19 47 76
19 48 76
19 49 4
19 50 89
19 51 46
19 52 70
19 53 93
20 21 83
20 22 23
20 23 63
20 24 66
20 25 21
20 26 29
20 27 71
20 28 30
20 29 46
20 30 4
20 31 24
20 32 93
20 33 45
20 34 74
20 35 35
20 36 99
20 37 50
20 38 8
20 39 99
20 40 30
20 41 41
20 42 68
20 43 87
20 44 78
20 45 43
20 46 63
20 47 33
20 48 83
20 49 8
20 50 54
20 51 76
20 52 90
20 53 77
21 22 38
21 23 56
21 24 49
21 25 18
21 26 26
21 27 79
21 28 63
21 29 29
21 30 2
21 31 7
21 32 25
21 33 27
21 34 41
21 35 76
21 36 29
21 37 100
21 38 74
21 39 58
21 40 92
21 41 94
21 42 44
21 43 21
21 44 88
21 45 6
21 46 54
21 47 71
21 48 65
21 49 59
21 50 46
21 51 55
21 52 35
21 53 35
22 23 62
22 24 84
22 25 4
22 26 87
22 27 14
22 28 18
22 29 67
22 30 67
22 31 24
22 32 44
22 33 93
22 34 16
22 35 19
22 36 73
22 37 15
22 38 44
22 39 30
22 40 7
22 41 89
22 42 26
22 43 79
22 44 77
22 45 83
22 46 32
22 47 99
22 48 48
22 49 91
22 50 44
22 51 2
22 52 77
22 53 30
23 24 15
23 25 12
23 26 85
23 27 1
23 28 25
23 29 2
23 30 19
23 31 43
23 32 77
23 33 62
23 34 36
23 35 44
23 36 32
23 37 60
23 38 10
23 39 76
23 40 90
23 41 68
23 42 16
23 43 67
23 44 47
23 45 92
23 46 49
23 47 78
23 48 90
23 49 96
23 50 20
23 51 85
23 52 49
23 53 49
24 25 66
24 26 63
24 27 60
24 28 50
24 29 15
24 30 37
24 31 3
24 32 34
24 33 79
24 34 31
24 35 47
24 36 66
24 37 74
24 38 79
24 39 26
24 40 36
24 41 6
24 42 67
24 43 3
24 44 21
24 45 33
24 46 49
24 47 65
24 48 81
24 49 79
24 50 6
24 51 29
24 52 98
24 53 43
25 26 29
25 27 98
25 28 8
25 29 44
25 30 58
25 31 10
25 32 10
25 33 94
25 34 64
25 35 95
25 36 24
25 37 95
25 38 42
25 39 90
25 40 20
25 41 72
25 42 15
25 43 55
25 44 77
25 45 81
25 46 58
25 47 49
25 48 65
25 49 58
25 50 13
25 51 97
25 52 36
25 53 19
26 27 77
26 28 86
26 29 61
26 30 6
26 31 83
26 32 20
26 33 1
26 34 92
26 35 29
26 36 10
26 37 37
26 38 93
26 39 57
26 40 61
26 41 39
26 42 98
26 43 50
26 44 58
26 45 69
26 46 16
26 47 65
26 48 97
26 49 48
26 50 74
26 51 45
26 52 64
26 53 31
27 28 10
27 29 60
27 30 19
27 31 80
27 32 37
27 33 56
27 34 92
27 35 94
27 36 90
27 37 11
27 38 46
27 39 82
27 40 92
27 41 7
27 42 18
27 43 36
27 44 63
27 45 30
27 46 74
27 47 60
27 48 79
27 49 83
27 50 80
27 51 46
27 52 99
27 53 76
28 29 45
28 30 72
28 31 73
28 32 8
28 33 55
28 34 34
28 35 68
28 36 73
28 37 13
28 38 56
28 39 80
28 40 56
28 41 49
28 42 69
28 43 18
28 44 46
28 45 2
28 46 9
28 47 52
28 48 72
28 49 44
28 50 15
28 51 1
28 52 69
28 53 26
29 30 32
29 31 4
29 32 58
29 33 77
29 34 2
29 35 85
29 36 22
29 37 74
29 38 57
29 39 29
29 40 28
29 41 42
29 42 48
29 43 52
29 44 54
29 45 3
29 46 83
29 47 61
29 48 3
29 49 51
29 50 79
29 51 48
29 52 5
29 53 87
30 31 52
30 32 76
30 33 83
30 34 66
30 35 76
30 36 3
30 37 43
30 38 7
30 39 6
30 40 100
30 41 36
30 42 8
30 43 85
30 44 9
30 45 81
30 46 93
30 47 89
30 48 60
30 49 35
30 50 37
30 51 63
30 52 40
30 53 39
31 32 45
31 33 1
31 34 94
31 35 47
31 36 79
31 37 41
31 38 51
31 39 17
31 40 92
31 41 26
31 42 99
31 43 9
31 44 2
31 45 2
31 46 4
31 47 60
31 48 7
31 49 3
31 50 95
31 51 14
31 52 39
31 53 55
32 33 46
32 34 32
32 35 44
32 36 57
32 37 18
32 38 80
32 39 19
32 40 57
32 41 70
32 42 15
32 43 57
32 44 63
32 45 62
32 46 87
32 47 56
32 48 12
32 49 4
32 50 99
32 51 90
32 52 2
32 53 60
33 34 43
33 35 55
33 36 63
33 37 2
33 38 14
33 39 17
33 40 49
33 41 27
33 42 56
33 43 3
33 44 25
33 45 87
33 46 98
33 47 81
33 48 56
33 49 77
33 50 52
33 51 12
33 52 99
33 53 66
34 35 21
34 36 13
34 37 27
34 38 7
34 39 68
34 40 91
34 41 10
34 42 19
34 43 80
34 44 64
34 45 78
34 46 22
34 47 70
34 48 40
34 49 75
34 50 83
34 51 56
34 52 23
34 53 62
35 36 63
35 37 78
35 38 86
35 39 1
35 40 75
35 41 18
35 42 56
35 43 4
35 44 69
35 45 68
35 46 54
35 47 35
35 48 88
35 49 66
35 50 13
35 51 46
35 52 86
35 53 3
36 37 8
36 38 4
36 39 34
36 40 71
36 41 33
36 42 55
36 43 92
36 44 24
36 45 82
36 46 75
36 47 31
36 48 56
36 49 36
36 50 94
36 51 33
36 52 21
36 53 94
37 38 60
37 39 90
37 40 50
37 41 15
37 42 59
37 43 69
37 44 68
37 45 93
37 46 8
37 47 85
37 48 5
37 49 5
37 50 70
37 51 8
37 52 12
37 53 25
38 39 93
38 40 34
38 41 57
38 42 48
38 43 26
38 44 80
38 45 81
38 46 100
38 47 11
38 48 36
38 49 87
38 50 4
38 51 21
38 52 59
38 53 49
39 40 32
39 41 48
39 42 50
39 43 46
39 44 6
39 45 18
39 46 65
39 47 98
39 48 77
39 49 49
39 50 55
39 51 82
39 52 71
39 53 14
40 41 93
40 42 95
40 43 6
40 44 27
40 45 4
40 46 5
40 47 4
40 48 35
40 49 85
40 50 55
40 51 45
40 52 21
40 53 41
41 42 100
41 43 93
41 44 99
41 45 1
41 46 24
41 47 46
41 48 50
41 49 21
41 50 52
41 51 20
41 52 85
41 53 1
42 43 96
42 44 85
42 45 55
42 46 29
42 47 55
42 48 68
42 49 22
42 50 2
42 51 26
42 52 100
42 53 57
43 44 30
43 45 55
43 46 91
43 47 15
43 48 9
43 49 88
43 50 87
43 51 49
43 52 87
43 53 79
44 45 47
44 46 39
44 47 54
44 48 92
44 49 89
44 50 74
44 51 95
44 52 8
44 53 58
45 46 96
45 47 55
45 48 94
45 49 2
45 50 36
45 51 1
45 52 70
45 53 57
46 47 2
46 48 95
46 49 8
46 50 10
46 51 76
46 52 62
46 53 100
47 48 90
47 49 22
47 50 87
47 51 28
47 52 70
47 53 26
48 49 58
48 50 68
48 51 64
48 52 11
48 53 59
49 50 52
49 51 84
49 52 6
49 53 11
50 51 41
50 52 1
50 53 18
51 52 87
51 53 54
52 53 53
