0 1 89
0 2 88
0 3 33
0 4 90
0 5 79
0 6 27
0 7 84
0 8 98
0 9 49
0 10 48
0 11 60
0 12 72
0 13 71
0 14 88
0 15 30
0 16 21
0 17 31
0 18 98
0 19 39
0 20 49
0 21 66
0 22 6
0 23 96
0 24 77
0 25 2
0 26 78
0 27 6
0 28 83
0 29 34
0 30 76
0 31 35
0 32 22
0 33 15
0 34 67
0 35 64
0 36 93
0 37 93
0 38 99
0 39 90
0 40 93
0 41 98
0 42 1
0 43 64
0 44 68
0 45 89
0 46 45
0 47 89
0 48 71
1 2 43
1 3 27
1 4 19
1 5 60
1 6 85
1 7 67
1 8 37
1 9 38
1 10 44
1 11 94
1 12 20
1 13 29
1 14 21
1 15 54
1 16 2
1 17 36
1 18 73
1 19 17
1 20 80
1 21 17
1 22 15
1 23 22
1 24 10
1 25 65
1 26 22
1 27 25
1 28 32
1 29 62
1 30 70
1 31 72
1 32 33
1 33 64
1 34 51
1 35 3
1 36 23
1 37 87
1 38 69
1 39 11
1 40 24
1 41 64
1 42 5
1 43 43
1 44 44
1 45 25
1 46 97
1 47 98
1 48 12
2 3 21
2 4 14
2 5 44
2 6 89
2 7 81
2 8 65
2 9 50
2 10 45
2 11 86
2 12 27
2 13 28
2 14 48
2 15 96
2 16 100
2 17 32
2 18 11
2 19 2
2 20 34
2 21 33
2 22 88
2 23 55
2 24 96
2 25 11
2 26 18
2 27 52
2 28 53
2 29 14
2 30 76
2 31 1
2 32 11
2 33 40
2 34 73
2 35 24
2 36 83
2 37 62
2 38 56
2 39 47
2 40 11
2 41 100
2 42 84
2 43 37
2 44 28
2 45 83
2 46 84
2 47 79
2 48 66
3 4 46
3 5 80
3 6 100
3 7 79
3 8 19
3 9 6
3 10 26
3 11 29
3 12 23
3 13 77
3 14 33
3 15 88
3 16 4
3 17 34
3 18 98
3 19 43
3 20 58
3 21 74
3 22 77
3 23 19
3 24 29
3 25 75
3 26 82
3 27 29
3 28 11
3 29 70
3 30 8
3 31 45
3 32 54
3 33 38
3 34 11
3 35 51
3 36 17
3 37 10
3 38 81
3 39 87
3 40 67
3 41 6
3 42 15
3 43 89
3 44 82
3 45 47
3 46 29
3 47 86
3 48 32
4 5 26
4 6 80
4 7 90
4 8 99
4 9 9
4 10 60
4 11 28
4 12 35
4 13 41
4 14 8
4 15 45
4 16 11
4 17 67
4 18 90
4 19 16
4 20 4
4 21 100
4 22 66
4 23 72
4 24 61
4 25 47
4 26 58
4 27 27
4 28 4
4 29 72
4 30 67
4 31 86
4 32 70
4 33 95
4 34 23
4 35 2
4 36 73
4 37 54
4 38 43
4 39 71
4 40 14
4 41 2
4 42 50
4 43 49
4 44 43
4 45 57
4 46 93
4 47 5
4 48 23
5 6 82
5 7 72
5 8 26
5 9 33
5 10 89
5 11 49
5 12 45
5 13 35
5 14 6
5 15 71
5 16 39
5 17 29
5 18 90
5 19 76
5 20 99
5 21 84
5 22 50
5 23 100
5 24 8
5 25 3
5 26 94
5 27 79
5 28 17
5 29 95
5 30 28
5 31 65
5 32 89
5 33 37
5 34 9
5 35 93
5 36 59
5 37 43
5 38 16
5 39 37
5 40 75
5 41 5
5 42 85
5 43 72
5 44 39
5 45 91
5 46 42
5 47 29
5 48 19
6 7 83
6 8 56
6 9 69
6 10 19
6 11 5
6 12 20
6 13 26
6 14 60
6 15 13
6 16 4
6 17 28
6 18 8
6 19 84
6 20 44
6 21 96
6 22 20
6 23 52
6 24 41
6 25 30
6 26 94
6 27 56
6 28 66
6 29 21
6 30 60
6 31 51
6 32 92
6 33 51
6 34 93
6 35 85
6 36 31
6 37 63
6 38 68
6 39 87
6 40 32
6 41 86
6 42 43
6 43 51
6 44 11
6 45 54
6 46 64
6 47 67
6 48 81
7 8 23
7 9 50
7 10 24
7 11 70
7 12 21
7 13 76
7 14 10
7 15 50
7 16 21
7 17 18
7 18 16
7 19 93
7 20 77
7 21 18
7 22 36
7 23 79
7 24 62
7 25 21
7 26 10
7 27 76
7 28 40
7 29 48
7 30 7
7 31 77
7 32 90
7 33 10
7 34 39
7 35 44
7 36 25
7 37 57
7 38 76
7 39 47
7 40 6
7 41 100
7 42 68
7 43 78
7 44 27
7 45 78
7 46 28
7 47 47
7 48 95
8 9 95
8 10 40
8 11 23
8 12 64
8 13 27
8 14 2
8 15 77
8 16 99
8 17 11
8 18 52
8 19 38
8 20 10
8 21 11
8 22 66
8 23 51
8 24 20
8 25 57
8 26 94
8 27 96
8 28 13
8 29 22
8 30 94
8 31 71
8 32 21
8 33 61
8 34 48
8 35 47
8 36 38
8 37 75
8 38 45
8 39 84
8 40 21
8 41 36
8 42 7
8 43 36
8 44 63
8 45 60
8 46 12
8 47 61
8 48 70
9 10 16
9 11 51
9 12 79
9 13 26
9 14 16
9 15 81
9 16 97
9 17 72
9 18 27
9 19 92
9 20 85
9 21 48
9 22 37
9 23 7
9 24 68
9 25 97
9 26 54
9 27 66
9 28 87
9 29 81
9 30 10
9 31 70
9 32 1
9 33 46
9 34 28
9 35 89
9 36 8
9 37 87
9 38 100
9 39 20
9 40 8
9 41 67
9 42 70
9 43 38
9 44 92
9 45 38
9 46 19
9 47 40
9 48 61
10 11 45
10 12 83
10 13 45
10 14 92
10 15 19
10 16 3
10 17 11
10 18 16
10 19 57
10 20 76
10 21 2
10 22 37
10 23 37
10 24 23
10 25 89
10 26 82
10 27 51
10 28 77
10 29 41
10 30 89
10 31 29
10 32 13
10 33 97
10 34 47
10 35 82
10 36 34
10 37 39
10 38 19
10 39 4
10 40 30
10 41 80
10 42 48
10 43 13
10 44 76
10 45 91
10 46 31
10 47 79
10 48 1
11 12 46
11 13 87
11 14 28
11 15 99
11 16 75
11 17 65
11 18 22
11 19 63
11 20 98
11 21 24
11 22 92
11 23 39
11 24 12
11 25 72
11 26 3
11 27 60
11 28 18
11 29 84
11 30 46
11 31 8
11 32 55
11 33 49
11 34 90
11 35 86
11 36 49
11 37 2
11 38 13
11 39 39
11 40 32
11 41 43
11 42 40
11 43 30
11 44 29
11 45 19
11 46 80
11 47 3
11 48 83
12 13 53
12 14 18
12 15 81
12 16 76
12 17 61
12 18 71
12 19 40
12 20 32
12 21 73
12 22 99
12 23 1
12 24 56
12 25 96
12 26 61
12 27 62
12 28 45
12 29 50
12 30 47
12 31 93
12 32 51
12 33 12
12 34 83
12 35 34
12 36 54
12 37 74
12 38 15
12 39 83
12 40 93
12 41 47
12 42 37
12 43 75
12 44 99
12 45 54
12 46 55
12 47 27
12 48 14
13 14 77
13 15 66
13 16 97
13 17 49
13 18 16
13 19 50
13 20 57
13 21 12
13 22 10
13 23 70
13 24 8
13 25 11
13 26 69
13 27 52
13 28 13
13 29 80
13 30 34
13 31 98
13 32 33
13 33 8
13 34 13
13 35 67
13 36 100
13 37 11
13 38 4
13 39 26
13 40 9
13 41 9
13 42 33
13 43 35
13 44 75
13 45 9
13 46 52
13 47 71
13 48 10
14 15 20
14 16 20
14 17 18
14 18 31
14 19 81
14 20 87
14 21 38
14 22 91
14 23 55
14 24 41
14 25 55
14 26 34
14 27 74
14 28 53
14 29 67
14 30 33
14 31 17
14 32 85
14 33 32
14 34 27
14 35 88
14 36 10
14 37 87
14 38 97
14 39 42
14 40 74
14 41 71
14 42 2
14 43 25
14 44 93
14 45 63
14 46 44
14 47 65
14 48 80
15 16 26
15 17 97
15 18 67
15 19 15
15 20 40
15 21 21
15 22 55
15 23 94
15 24 55
15 25 29
15 26 46
15 27 73
15 28 61
15 29 14
15 30 57
15 31 45
15 32 40
15 33 97
15 34 6
15 35 27
15 36 45
15 37 99
15 38 100
15 39 67
15 40 100
15 41 76
15 42 59
15 43 63
15 44 72
15 45 75
15 46 42
15 47 97
15 48 72
16 17 60
16 18 12
16 19 63
16 20 81
16 21 66
16 22 56
16 23 87
16 24 46
16 25 54
16 26 11
16 27 59
16 28 67
16 29 19
16 30 3
16 31 59
16 32 15
16 33 8
16 34 37
16 35 59
16 36 6
16 37 88
16 38 25
16 39 57
16 40 63
16 41 36
16 42 71
16 43 34
16 44 62
16 45 65
16 46 83
16 47 85
16 48 24
17 18 94
17 19 47
17 20 56
17 21 11
17 22 55
17 23 42
17 24 57
17 25 60
17 26 4
17 27 15
17 28 78
17 29 23
17 30 69
17 31 36
17 32 89
17 33 28
17 34 72
17 35 100
17 36 85
17 37 11
17 38 76
17 39 93
17 40 74
17 41 63
17 42 64
17 43 59
17 44 25
17 45 28
17 46 93
17 47 9
17 48 51
18 19 86
18 20 8
18 21 59
18 22 49
18 23 62
18 24 52
18 25 57
18 26 21
18 27 56
18 28 23
18 29 98
18 30 30
18 31 91
18 32 86
18 33 18
18 34 70
18 35 9
18 36 17
18 37 54
18 38 20
18 39 93
18 40 98
18 41 45
18 42 55
18 43 61
18 44 55
18 45 31
18 46 40
18 47 48
18 48 92
19 20 43
19 21 85
19 22 99
19 23 1
19 24 33
19 25 12
19 26 52
19 27 89
19 28 32
19 29 7
19 30 11
19 31 81
19 32 88
19 33 53
19 34 18
19 35 6
19 36 74
19 37 27
19 38 74
19 39 79
19 40 98
19 41 18
19 42 77
19 43 42
19 44 25
19 45 37
19 46 48
19 47 55
19 48 29
20 21 95
20 22 46
20 23 71
20 24 80
20 25 96
20 26 71
20 27 64
20 28 7
20 29 22
20 30 53
20 31 38
20 32 81
20 33 15
20 34 71
20 35 20
20 36 20
20 37 40
20 38 25
20 39 93
20 40 66
20 41 51
20 42 72
20 43 15
20 44 20
20 45 100
20 46 8
20 47 44
20 48 88
21 22 56
21 23 51
21 24 16
21 25 50
21 26 48
21 27 86
21 28 81
21 29 44
21 30 56
21 31 45
21 32 50
21 33 30
21 34 49
21 35 40
21 36 62
21 37 63
21 38 62
21 39 81
21 40 34
21 41 1
21 42 58
21 43 27
21 44 19
21 45 60
21 46 50
21 47 33
21 48 79
22 23 49
22 24 41
22 25 23
22 26 36
22 27 96
22 28 25
22 29 4
22 30 97
22 31 72
22 32 89
22 33 78
22 34 15
22 35 97
22 36 74
22 37 17
22 38 78
22 39 22
22 40 56
22 41 39
22 42 36
22 43 69
22 44 71
22 45 70
22 46 69
22 47 80
22 48 48
23 24 87
23 25 39
23 26 49
23 27 72
23 28 18
23 29 49
23 30 64
23 31 92
23 32 36
23 33 11
23 34 16
23 35 39
23 36 7
23 37 87
23 38 28
23 39 36
23 40 54
23 41 24
23 42 9
23 43 70
23 44 1
23 45 30
23 46 77
23 47 91
23 48 18
24 25 45
24 26 13
24 27 87
24 28 65
24 29 93
24 30 86
24 31 4
24 32 31
24 33 34
24 34 75
24 35 48
24 36 82
24 37 38
24 38 39
24 39 17
24 40 48
24 41 6
24 42 8
24 43 6
24 44 93
24 45 35
24 46 42
24 47 98
24 48 10
25 26 2
25 27 19
25 28 62
25 29 84
25 30 47
25 31 4
25 32 1
25 33 43
25 34 16
25 35 87
25 36 7
25 37 8
25 38 24
25 39 10
25 40 39
25 41 57
25 42 36
25 43 38
25 44 90
25 45 73
25 46 29
25 47 58
25 48 72
26 27 34
26 28 65
26 29 30
26 30 78
26 31 51
26 32 71
26 33 75
26 34 60
26 35 72
26 36 45
26 37 73
26 38 7
26 39 91
26 40 76
26 41 7
26 42 85
26 43 92
26 44 45
26 45 92
26 46 51
26 47 68
26 48 53
27 28 41
27 29 76
27 30 89
27 31 79
27 32 17
27 33 13
27 34 59
27 35 75
27 36 85
27 37 92
27 38 91
27 39 14
27 40 70
27 41 42
27 42 36
27 43 96
27 44 53
27 45 59
27 46 93
27 47 26
27 48 66
28 29 35
28 30 1
28 31 24
28 32 20
28 33 44
28 34 69
28 35 11
28 36 95
28 37 36
28 38 15
28 39 87
28 40 64
28 41 3
28 42 17
28 43 80
28 44 16
28 45 75
28 46 6
28 47 52
28 48 67
29 30 97
29 31 17
29 32 88
29 33 90
29 34 4
29 35 35
29 36 42
29 37 62
29 38 27
29 39 19
29 40 79
29 41 14
29 42 72
29 43 3
29 44 33
29 45 15
29 46 23
29 47 95
29 48 61
30 31 10
30 32 9
30 33 48
30 34 73
30 35 12
30 36 64
30 37 5
30 38 79
30 39 39
30 40 10
30 41 82
30 42 57
30 43 6
30 44 98
30 45 96
30 46 47
30 47 1
30 48 30
31 32 89
31 33 14
31 34 57
31 35 59
31 36 93
31 37 70
31 38 30
31 39 47
31 40 54
31 41 45
31 42 69
31 43 48
31 44 57
31 45 78
31 46 8
31 47 56
31 48 3
32 33 71
32 34 72
32 35 7
32 36 49
32 37 62
32 38 16
32 39 30
32 40 18
32 41 74
32 42 79
32 43 13
32 44 20
32 45 79
32 46 42
32 47 60
32 48 45
33 34 50
33 35 19
33 36 89
33 37 71
33 38 48
33 39 35
33 40 76
33 41 44
33 42 55
33 43 75
33 44 1
33 45 84
33 46 83
33 47 8
33 48 38
34 35 53
34 36 79
34 37 44
34 38 54
34 39 40
34 40 12
34 41 35
34 42 57
34 43 85
34 44 14
34 45 21
34 46 56
34 47 44
34 48 15
35 36 68
35 37 40
35 38 16
35 39 86
35 40 28
35 41 87
35 42 85
35 43 14
35 44 14
35 45 81
35 46 68
35 47 89
35 48 81
36 37 4
36 38 71
36 39 88
36 40 41
36 41 75
36 42 19
36 43 37
36 44 80
36 45 58
36 46 48
36 47 15
36 48 67
37 38 84
37 39 80
37 40 87
37 41 91
37 42 75
37 43 1
37 44 58
37 45 15
37 46 17
37 47 95
37 48 94
38 39 55
38 40 32
38 41 8
38 42 20
38 43 12
38 44 27
38 45 8
38 46 92
38 47 30
38 48 30
39 40 31
39 41 23
39 42 5
39 43 1
39 44 59
39 45 36
39 46 59
39 47 58
39 48 2
40 41 25
40 42 93
40 43 81
40 44 11
40 45 83
40 46 8
40 47 64
40 48 93
41 42 74
41 43 32
41 44 87
41 45 67
41 46 38
41 47 18
41 48 74
42 43 57
42 44 29
42 45 1
42 46 65
42 47 72
42 48 82
43 44 94
43 45 55
43 46 4
43 47 50
43 48 55
44 45 14
44 46 86
44 47 13
44 48 71
45 46 87
45 47 89
45 48 15
46 47 20
46 48 100
47 48 98
