0 1 15
0 2 58
0 3 70
0 4 79
0 5 53
0 6 35
0 7 37
0 8 67
0 9 26
0 10 39
0 11 56
0 12 87
0 13 59
0 14 77
0 15 94
0 16 5
0 17 75
0 18 81
0 19 79
0 20 19
0 21 19
0 22 14
0 23 25
0 24 64
0 25 67
0 26 2
0 27 91
0 28 6
0 29 46
0 30 4
0 31 34
0 32 60
0 33 13
0 34 3
0 35 90
0 36 65
0 37 37
0 38 26
0 39 83
0 40 15
0 41 16
0 42 39
0 43 1
0 44 75
0 45 15
0 46 46
0 47 31
0 48 42
0 49 26
0 50 9
0 51 60
0 52 44
0 53 22
0 54 37
0 55 60
0 56 40
0 57 38
0 58 50
0 59 45
0 60 35
0 61 53
0 62 78
0 63 46
0 64 18
0 65 32
0 66 36
1 2 82
1 3 21
1 4 13
1 5 17
1 6 87
1 7 29
1 8 55
1 9 39
1 10 55
1 11 21
1 12 84
1 13 85
1 14 62
1 15 61
1 16 46
1 17 74
1 18 57
1 19 67
1 20 10
1 21 16
1 22 59
1 23 99
1 24 17
1 25 3
1 26 86
1 27 22
1 28 33
1 29 31
1 30 39
1 31 16
1 32 66
1 33 72
1 34 88
1 35 79
1 36 88
1 37 74
1 38 59
1 39 42
1 40 12
1 41 13
1 42 15
1 43 47
1 44 49
1 45 28
1 46 60
1 47 94
1 48 1
1 49 68
1 50 13
1 51 62
1 52 83
1 53 71
1 54 13
1 55 51
1 56 25
1 57 98
1 58 72
1 59 9
1 60 28
1 61 10
1 62 77
1 63 46
1 64 82
1 65 64
1 66 24
2 3 69
2 4 38
2 5 34
2 6 63
2 7 1
2 8 98
2 9 29
2 10 100
2 11 46
2 12 56
2 13 59
2 14 92
2 15 57
2 16 26
2 17 56
2 18 70
2 19 60
2 20 78
2 21 82
2 22 10
2 23 2
2 24 79
2 25 82
2 26 63
2 27 59
2 28 43
2 29 39
2 30 4
2 31 24
2 32 2
2 33 79
2 34 45
2 35 91
2 36 12
2 37 59
2 38 44
2 39 61
2 40 87
2 41 43
2 42 6
2 43 94
2 44 53
2 45 49
2 46 2
2 47 30
2 48 56
2 49 72
2 50 89
2 51 33
2 52 5
2 53 50
2 54 87
2 55 36
2 56 83
2 57 49
2 58 94
2 59 26
2 60 87
2 61 49
2 62 1
2 63 40
2 64 27
2 65 97
2 66 83
3 4 90
3 5 55
3 6 78
3 7 50
3 8 93
3 9 72
3 10 7
3 11 87
3 12 24
3 13 56
3 14 40
3 15 53
3 16 11
3 17 11
3 18 93
3 19 96
3 20 68
3 21 94
3 22 82
3 23 3
3 24 77
3 25 82
3 26 48
3 27 54
3 28 68
3 29 96
3 30 54
3 31 59
3 32 22
3 33 51
3 34 93
3 35 11
3 36 5
3 37 70
3 38 12
3 39 50
3 40 41
3 41 18
3 42 88
3 43 16
3 44 25
3 45 27
3 46 20
3 47 88
3 48 90
3 49 64
3 50 83
3 51 57
3 52 58
3 53 16
3 54 59
3 55 86
3 56 97
3 57 58
3 58 39
3 59 16
3 60 53
3 61 92
3 62 74
3 63 26
3 64 42
3 65 19
3 66 88
4 5 99
4 6 88
4 7 99
4 8 100
4 9 81
4 10 16
4 11 87
4 12 96
4 13 93
4 14 65
4 15 16
4 16 80
4 17 54
4 18 79
4 19 14
4 20 62
4 21 88
4 22 29
4 23 72
4 24 73
4 25 25
4 26 29
4 27 11
4 28 40
4 29 81
4 30 55
4 31 65
4 32 6
4 33 48
4 34 83
4 35 93
4 36 98
4 37 23
4 38 43
4 39 97
4 40 3
4 41 11
4 42 35
4 43 98
4 44 3
4 45 100
4 46 65
4 47 82
4 48 5
4 49 96
4 50 95
4 51 67
4 52 83
4 53 75
4 54 38
4 55 56
4 56 99
4 57 67
4 58 18
4 59 38
4 60 99
4 61 24
4 62 54
4 63 5
4 64 72
4 65 37
4 66 49
5 6 69
5 7 59
5 8 92
5 9 18
5 10 13
5 11 54
5 12 52
5 13 10
5 14 56
5 15 3
5 16 27
5 17 89
5 18 8
5 19 22
5 20 35
5 21 26
5 22 56
5 23 9
5 24 63
5 25 11
5 26 7
5 27 29
5 28 81
5 29 96
5 30 28
5 31 4
5 32 1
5 33 84
5 34 27
5 35 37
5 36 84
5 37 96
5 38 47
5 39 27
5 40 65
5 41 59
5 42 80
5 43 68
5 44 21
5 45 35
5 46 23
5 47 99
5 48 23
5 49 30
5 50 20
5 51 57
5 52 55
5 53 75
5 54 17
5 55 69
5 56 38
5 57 75
5 58 98
5 59 70
5 60 22
5 61 77
5 62 73
5 63 23
5 64 12
5 65 52
5 66 59
6 7 95
6 8 99
6 9 58
6 10 74
6 11 63
6 12 16
6 13 53
6 14 30
6 15 88
6 16 40
6 17 52
6 18 86
6 19 62
6 20 33
6 21 57
6 22 71
6 23 39
6 24 32
6 25 39
6 26 8
6 27 21
6 28 14
6 29 57
6 30 90
6 31 35
6 32 85
6 33 14
6 34 57
6 35 48
6 36 65
6 37 68
6 38 94
6 39 63
6 40 25
6 41 67
6 42 77
6 43 92
6 44 20
6 45 59
6 46 32
6 47 59
6 48 62
6 49 69
6 50 72
6 51 95
6 52 26
6 53 94
6 54 85
6 55 9
6 56 33
6 57 44
6 58 29
6 59 98
6 60 100
6 61 70
6 62 32
6 63 36
6 64 83
6 65 41
6 66 83
7 8 100
7 9 8
7 10 77
7 11 62
7 12 84
7 13 43
7 14 39
7 15 27
7 16 14
7 17 97
7 18 10
7 19 24
7 20 10
7 21 79
7 22 48
7 23 4
7 24 4
7 25 93
7 26 41
7 27 12
7 28 77
7 29 84
7 30 40
7 31 74
7 32 84
7 33 61
7 34 58
7 35 71
7 36 43
7 37 98
7 38 54
7 39 42
7 40 57
7 41 82
7 42 56
7 43 92
7 44 24
7 45 46
7 46 18
7 47 90
7 48 94
7 49 28
7 50 65
7 51 3
7 52 6
7 53 12
7 54 59
7 55 61
7 56 5
7 57 99
7 58 72
7 59 33
7 60 82
7 61 63
7 62 7
7 63 17
7 64 23
7 65 64
7 66 88
8 9 17
8 10 61
8 11 93
8 12 59
8 13 69
8 14 74
8 15 66
8 16 60
8 17 49
8 18 11
8 19 29
8 20 38
8 21 56
8 22 56
8 23 55
8 24 58
8 25 13
8 26 66
8 27 16
8 28 25
8 29 22
8 30 66
8 31 96
8 32 55
8 33 48
8 34 10
8 35 13
8 36 16
8 37 84
8 38 76
8 39 3
8 40 1
8 41 88
8 42 95
8 43 11
8 44 56
8 45 68
8 46 76
8 47 15
8 48 17
8 49 38
8 50 43
8 51 6
8 52 93
8 53 51
8 54 60
8 55 2
8 56 15
8 57 78
8 58 18
8 59 40
8 60 51
8 61 35
8 62 87
8 63 57
8 64 82
8 65 97
8 66 21
9 10 98
9 11 80
9 12 96
9 13 52
9 14 80
9 15 83
9 16 47
9 17 42
9 18 90
9 19 66
9 20 69
9 21 56
9 22 34
9 23 6
9 24 99
9 25 92
9 26 50
9 27 1
9 28 3
9 29 52
9 30 15
9 31 32
9 32 21
9 33 6
9 34 83
9 35 55
9 36 93
9 37 91
9 38 89
9 39 89
9 40 12
9 41 38
9 42 20
9 43 59
9 44 89
9 45 52
9 46 94
9 47 35
9 48 93
9 49 35
9 50 53
9 51 62
9 52 91
9 53 86
9 54 19
9 55 41
9 56 29
9 57 69
9 58 41
9 59 32
9 60 72
9 61 7
9 62 63
9 63 44
9 64 13
9 65 97
9 66 50
10 11 5
10 12 40
10 13 38
10 14 45
10 15 3
10 16 75
10 17 64
10 18 61
10 19 64
10 20 67
10 21 6
10 22 50
10 23 60
10 24 41
10 25 54
10 26 73
10 27 31
10 28 92
10 29 91
10 30 71
10 31 20
10 32 11
10 33 63
10 34 51
10 35 34
10 36 69
10 37 14
10 38 77
10 39 81
10 40 10
10 41 79
10 42 37
10 43 49
10 44 16
10 45 33
10 46 51
10 47 43
10 48 97
10 49 64
10 50 58
10 51 63
10 52 69
10 53 7
10 54 74
10 55 61
10 56 13
10 57 98
10 58 43
10 59 4
10 60 89
10 61 13
10 62 23
10 63 51
10 64 75
10 65 74
10 66 37
11 12 96
11 13 39
11 14 65
11 15 28
11 16 100
11 17 43
11 18 65
11 19 49
11 20 59
11 21 97
11 22 51
11 23 53
11 24 45
11 25 66
11 26 10
11 27 60
11 28 87
11 29 68
11 30 85
11 31 47
11 32 80
11 33 83
11 34 90
11 35 83
11 36 23
11 37 54
11 38 6
11 39 73
11 40 29
11 41 31
11 42 9
11 43 76
11 44 69
11 45 74
11 46 3
11 47 68
11 48 68
11 49 67
11 50 68
11 51 78
11 52 16
11 53 71
11 54 30
11 55 12
11 56 36
11 57 39
11 58 71
11 59 22
11 60 7
11 61 56
11 62 69
11 63 86
11 64 90
11 65 10
11 66 69
12 13 12
12 14 63
12 15 26
12 16 84
12 17 43
12 18 56
12 19 45
12 20 18
12 21 76
12 22 70
12 23 21
12 24 43
12 25 89
12 26 39
12 27 63
12 28 67
12 29 6
12 30 33
12 31 96
12 32 18
12 33 68
12 34 35
12 35 40
12 36 90
12 37 93
12 38 95
12 39 10
12 40 78
12 41 36
12 42 71
12 43 98
12 44 47
12 45 33
12 46 75
12 47 83
12 48 76
12 49 30
12 50 79
12 51 45
12 52 57
12 53 100
12 54 17
12 55 52
12 56 88
12 57 56
12 58 14
12 59 54
12 60 13
12 61 46
12 62 50
12 63 30
12 64 65
12 65 36
12 66 70
13 14 6
13 15 28
13 16 16
13 17 67
13 18 5
13 19 52
13 20 37
13 21 55
13 22 98
13 23 70
13 24 29
13 25 32
13 26 97
13 27 11
13 28 10
13 29 41
13 30 67
13 31 9
13 32 10
13 33 18
13 34 97
13 35 65
13 36 31
13 37 50
13 38 77
13 39 28
13 40 99
13 41 59
13 42 93
13 43 86
13 44 28
13 45 50
13 46 13
13 47 43
13 48 17
13 49 70
13 50 46
13 51 53
13 52 24
13 53 96
13 54 22
13 55 4
13 56 27
13 57 70
13 58 14
13 59 37
13 60 11
13 61 33
13 62 45
13 63 20
13 64 50
13 65 93
13 66 36
14 15 33
14 16 43
14 17 64
14 18 12
14 19 93
14 20 74
14 21 56
14 22 79
14 23 1
14 24 6
14 25 43
14 26 96
14 27 22
14 28 12
14 29 41
14 30 74
14 31 35
14 32 36
14 33 48
14 34 91
14 35 63
14 36 17
14 37 56
14 38 51
14 39 79
14 40 88
14 41 47
14 42 50
14 43 90
14 44 40
14 45 37
14 46 22
14 47 34
14 48 53
14 49 85
14 50 26
14 51 26
14 52 41
14 53 56
14 54 27
14 55 46
14 56 99
14 57 74
14 58 19
14 59 10
14 60 66
14 61 44
14 62 97
14 63 2
14 64 43
14 65 87
14 66 16
15 16 60
15 17 94
15 18 18
15 19 90
15 20 82
15 21 64
15 22 92
15 23 71
15 24 3
15 25 28
15 26 44
15 27 36
15 28 80
15 29 28
15 30 14
15 31 58
15 32 20
15 33 69
15 34 36
15 35 17
15 36 19
15 37 9
15 38 87
15 39 29
15 40 74
15 41 31
15 42 77
15 43 27
15 44 73
15 45 15
15 46 94
15 47 84
15 48 8
15 49 11
15 50 26
15 51 89
15 52 75
15 53 17
15 54 11
15 55 77
15 56 44
15 57 6
15 58 65
15 59 76
15 60 34
15 61 78
15 62 85
15 63 5
15 64 98
15 65 20
15 66 22
16 17 17
16 18 28
16 19 8
16 20 45
16 21 53
16 22 90
16 23 73
16 24 80
16 25 15
16 26 87
16 27 73
16 28 98
16 29 94
16 30 36
16 31 23
16 32 35
16 33 10
16 34 39
16 35 45
16 36 38
16 37 35
16 38 51
16 39 2
16 40 62
16 41 36
16 42 31
16 43 46
16 44 92
16 45 29
16 46 65
16 47 65
16 48 45
16 49 44
16 50 25
16 51 41
16 52 96
16 53 14
16 54 13
16 55 27
16 56 28
16 57 99
16 58 52
16 59 78
16 60 44
16 61 87
16 62 52
16 63 78
16 64 96
16 65 43
16 66 75
17 18 85
17 19 77
17 20 77
17 21 87
17 22 90
17 23 64
17 24 17
17 25 35
17 26 55
17 27 97
17 28 51
17 29 20
17 30 41
17 31 94
17 32 44
17 33 33
17 34 41
17 35 9
17 36 45
17 37 68
17 38 37
17 39 95
17 40 71
17 41 66
17 42 91
17 43 57
17 44 17
17 45 20
17 46 4
17 47 59
17 48 94
17 49 88
17 50 87
17 51 22
17 52 26
17 53 76
17 54 85
17 55 95
17 56 62
17 57 40
17 58 91
17 59 12
17 60 11
17 61 84
17 62 57
17 63 54
17 64 16
17 65 98
17 66 14
18 19 13
18 20 17
18 21 50
18 22 59
18 23 87
18 24 67
18 25 49
18 26 95
18 27 84
18 28 69
18 29 98
18 30 94
18 31 14
18 32 37
18 33 81
18 34 88
18 35 63
18 36 56
18 37 72
18 38 57
18 39 18
18 40 63
18 41 47
18 42 81
18 43 73
18 44 30
18 45 38
18 46 78
18 47 98
18 48 35
18 49 92
18 50 10
18 51 3
18 52 93
18 53 68
18 54 41
18 55 60
18 56 69
18 57 35
18 58 95
18 59 89
18 60 84
18 61 88
18 62 2
18 63 20
18 64 20
18 65 41
18 66 82
19 20 76
19 21 13
19 22 38
19 23 45
19 24 27
19 25 37
19 26 25
19 27 52
19 28 18
19 29 14
19 30 81
19 31 15
19 32 48
19 33 24
19 34 76
19 35 2
19 36 69
19 37 96
19 38 42
19 39 80
19 40 64
19 41 28
19 42 74
19 43 4
19 44 11
19 45 13
19 46 57
19 47 83
19 48 33
19 49 98
19 50 16
19 51 60
19 52 10
19 53 6
19 54 56
19 55 88
19 56 42
19 57 80
19 58 39
19 59 11
19 60 46
19 61 72
19 62 78
19 63 93
19 64 95
19 65 53
19 66 47
20 21 63
20 22 100
20 23 88
20 24 42
20 25 15
20 26 68
20 27 67
20 28 18
20 29 30
20 30 80
20 31 75
20 32 12
20 33 12
20 34 72
20 35 28
20 36 23
20 37 33
20 38 85
20 39 78
20 40 20
20 41 26
20 42 9
20 43 11
20 44 36
20 45 54
20 46 82
20 47 13
20 48 99
20 49 28
20 50 18
20 51 45
20 52 91
20 53 17
20 54 84
20 55 84
20 56 32
20 57 3
20 58 51
20 59 1
20 60 33
20 61 82
20 62 75
20 63 96
20 64 45
20 65 46
20 66 75
21 22 67
21 23 30
21 24 59
21 25 44
21 26 50
21 27 84
21 28 4
21 29 12
21 30 72
21 31 10
21 32 45
21 33 36
21 34 8
21 35 72
21 36 5
21 37 4
21 38 14
21 39 74
21 40 87
21 41 98
21 42 57
21 43 42
21 44 100
21 45 57
21 46 74
21 47 81
21 48 32
21 49 21
21 50 25
21 51 29
21 52 96
21 53 91
21 54 59
21 55 54
21 56 86
21 57 60
21 58 90
21 59 41
21 60 71
21 61 13
21 62 50
21 63 15
21 64 100
21 65 57
21 66 38
22 23 5
22 24 60
22 25 52
22 26 78
22 27 99
22 28 1
22 29 34
22 30 40
22 31 100
22 32 90
22 33 65
22 34 80
22 35 21
22 36 85
22 37 4
22 38 2
22 39 80
22 40 46
22 41 60
22 42 86
22 43 31
22 44 19
22 45 27
22 46 23
22 47 89
22 48 39
22 49 73
22 50 55
22 51 38
22 52 29
22 53 92
22 54 42
22 55 41
22 56 95
22 57 71
22 58 91
22 59 95
22 60 4
22 61 82
22 62 94
22 63 94
22 64 46
22 65 25
22 66 66
23 24 82
23 25 80
23 26 67
23 27 14
23 28 25
23 29 78
23 30 51
23 31 7
23 32 96
23 33 77
23 34 30
23 35 36
23 36 15
23 37 2
23 38 42
23 39 4
23 40 82
23 41 34
23 42 98
23 43 74
23 44 80
23 45 68
23 46 64
23 47 75
23 48 72
23 49 97
23 50 20
23 51 17
23 52 94
23 53 97
23 54 34
23 55 76
23 56 76
23 57 1
23 58 41
23 59 1
23 60 78
23 61 91
23 62 59
23 63 26
23 64 19
23 65 40
23 66 61
24 25 85
24 26 41
24 27 3
24 28 88
24 29 75
24 30 88
24 31 85
24 32 48
24 33 19
24 34 5
24 35 64
24 36 93
24 37 76
24 38 60
24 39 65
24 40 44
24 41 54
24 42 61
24 43 77
24 44 81
24 45 88
24 46 29
24 47 73
24 48 88
24 49 59
24 50 63
24 51 99
24 52 84
24 53 81
24 54 38
24 55 96
24 56 65
24 57 31
24 58 50
24 59 4
24 60 5
24 61 89
24 62 41
24 63 4
24 64 8
24 65 45
24 66 19
25 26 100
25 27 72
25 28 79
25 29 16
25 30 67
25 31 84
25 32 28
25 33 43
25 34 16
25 35 16
25 36 72
25 37 88
25 38 55
25 39 30
25 40 2
25 41 53
25 42 65
25 43 34
25 44 91
25 45 60
25 46 98
25 47 21
25 48 10
25 49 53
25 50 77
25 51 98
25 52 93
25 53 80
25 54 5
25 55 89
25 56 51
25 57 57
25 58 12
25 59 29
25 60 24
25 61 78
25 62 64
25 63 52
25 64 21
25 65 31
25 66 19
26 27 44
26 28 18
26 29 73
26 30 73
26 31 71
26 32 26
26 33 37
26 34 4
26 35 68
26 36 48
26 37 53
26 38 40
26 39 9
26 40 5
26 41 16
26 42 59
26 43 50
26 44 47
26 45 15
26 46 38
26 47 97
26 48 71
26 49 50
26 50 77
26 51 47
26 52 27
26 53 92
26 54 50
26 55 99
26 56 22
26 57 68
26 58 42
26 59 39
26 60 40
26 61 66
26 62 9
26 63 17
26 64 54
26 65 12
26 66 84
27 28 2
27 29 16
27 30 23
27 31 62
27 32 21
27 33 90
27 34 20
27 35 22
27 36 37
27 37 35
27 38 59
27 39 85
27 40 57
27 41 60
27 42 62
27 43 3
27 44 39
27 45 53
27 46 52
27 47 89
27 48 27
27 49 71
27 50 31
27 51 65
27 52 11
27 53 48
27 54 26
27 55 27
27 56 2
27 57 89
27 58 63
27 59 55
27 60 5
27 61 85
27 62 16
27 63 77
27 64 27
27 65 88
27 66 98
28 29 63
28 30 22
28 31 8
28 32 99
28 33 78
28 34 20
28 35 12
28 36 33
28 37 58
28 38 17
28 39 36
28 40 98
28 41 43
28 42 7
28 43 28
28 44 59
28 45 69
28 46 28
28 47 36
28 48 47
28 49 29
28 50 77
28 51 9
28 52 35
28 53 81
28 54 46
28 55 2
28 56 9
28 57 72
28 58 89
28 59 58
28 60 86
28 61 10
28 62 65
28 63 84
28 64 40
28 65 36
28 66 96
29 30 72
29 31 45
29 32 64
29 33 7
29 34 43
29 35 6
29 36 65
29 37 70
29 38 64
29 39 33
29 40 49
29 41 100
29 42 80
29 43 77
29 44 76
29 45 40
29 46 63
29 47 8
29 48 37
29 49 65
29 50 68
29 51 8
29 52 5
29 53 77
29 54 45
29 55 67
29 56 93
29 57 29
29 58 6
29 59 29
29 60 76
29 61 29
29 62 73
29 63 39
29 64 35
29 65 15
29 66 96
30 31 52
30 32 37
30 33 11
30 34 84
30 35 85
30 36 62
30 37 15
30 38 14
30 39 89
30 40 7
30 41 76
30 42 48
30 43 43
30 44 92
30 45 15
30 46 3
30 47 97
30 48 91
30 49 47
30 50 15
30 51 84
30 52 27
30 53 20
30 54 64
30 55 2
30 56 48
30 57 36
30 58 92
30 59 34
30 60 51
30 61 39
30 62 85
30 63 39
30 64 50
30 65 21
30 66 23
31 32 11
31 33 87
31 34 88
31 35 100
31 36 93
31 37 64
31 38 47
31 39 88
31 40 7
31 41 14
31 42 90
31 43 55
31 44 56
31 45 36
31 46 69
31 47 91
31 48 63
31 49 40
31 50 54
31 51 16
31 52 87
31 53 90
31 54 60
31 55 73
31 56 92
31 57 98
31 58 57
31 59 30
31 60 47
31 61 29
31 62 4
31 63 10
31 64 16
31 65 92
31 66 61
32 33 60
32 34 7
32 35 7
32 36 47
32 37 13
32 38 72
32 39 88
32 40 68
32 41 28
32 42 24
32 43 88
32 44 18
32 45 38
32 46 28
32 47 72
32 48 53
32 49 66
32 50 13
32 51 64
32 52 38
32 53 4
32 54 62
32 55 47
32 56 85
32 57 60
32 58 75
32 59 88
32 60 21
32 61 42
32 62 79
32 63 81
32 64 54
32 65 85
32 66 40
33 34 100
33 35 50
33 36 11
33 37 88
33 38 17
33 39 38
33 40 63
33 41 56
33 42 8
33 43 52
33 44 83
33 45 79
33 46 4
33 47 1
33 48 43
33 49 20
33 50 38
33 51 46
33 52 33
33 53 84
33 54 30
33 55 44
33 56 11
33 57 17
33 58 65
33 59 4
33 60 48
33 61 45
33 62 57
33 63 32
33 64 84
33 65 9
33 66 81
34 35 47
34 36 48
34 37 49
34 38 84
34 39 10
34 40 57
34 41 43
34 42 61
34 43 91
34 44 73
34 45 16
34 46 91
34 47 15
34 48 87
34 49 29
34 50 60
34 51 19
34 52 64
34 53 89
34 54 63
34 55 26
34 56 58
34 57 27
34 58 30
34 59 57
34 60 23
34 61 38
34 62 88
34 63 59
34 64 46
34 65 21
34 66 5
35 36 93
35 37 21
35 38 40
35 39 54
35 40 29
35 41 83
35 42 66
35 43 20
35 44 55
35 45 34
35 46 10
35 47 70
35 48 20
35 49 90
35 50 29
35 51 91
35 52 54
35 53 70
35 54 53
35 55 31
35 56 79
35 57 31
35 58 60
35 59 35
35 60 5
35 61 50
35 62 74
35 63 63
35 64 95
35 65 46
35 66 19
36 37 88
36 38 19
36 39 59
36 40 93
36 41 47
36 42 41
36 43 59
36 44 66
36 45 95
36 46 44
36 47 28
36 48 16
36 49 15
36 50 17
36 51 97
36 52 5
36 53 22
36 54 66
36 55 9
36 56 53
36 57 96
36 58 91
36 59 64
36 60 82
36 61 96
36 62 13
36 63 55
36 64 10
36 65 8
36 66 53
37 38 29
37 39 47
37 40 71
37 41 87
37 42 91
37 43 17
37 44 79
37 45 1
37 46 35
37 47 25
37 48 44
37 49 62
37 50 41
37 51 59
37 52 78
37 53 37
37 54 63
37 55 52
37 56 54
37 57 72
37 58 4
37 59 1
37 60 14
37 61 19
37 62 82
37 63 9
37 64 84
37 65 88
37 66 19
38 39 43
38 40 40
38 41 99
38 42 89
38 43 10
38 44 37
38 45 31
38 46 79
38 47 15
38 48 32
38 49 13
38 50 39
38 51 75
38 52 26
38 53 31
38 54 33
38 55 55
38 56 19
38 57 48
38 58 6
38 59 24
38 60 71
38 61 61
38 62 24
38 63 84
38 64 32
38 65 57
38 66 45
39 40 15
39 41 45
39 42 15
39 43 57
39 44 84
39 45 13
39 46 97
39 47 94
39 48 49
39 49 27
39 50 24
39 51 63
39 52 58
39 53 88
39 54 53
39 55 85
39 56 13
39 57 36
39 58 69
39 59 67
39 60 54
39 61 16
39 62 25
39 63 30
39 64 38
39 65 37
39 66 53
40 41 74
40 42 68
40 43 10
40 44 18
40 45 34
40 46 6
40 47 32
40 48 90
40 49 89
40 50 44
40 51 38
40 52 34
40 53 92
40 54 65
40 55 57
40 56 6
40 57 74
40 58 44
40 59 10
40 60 58
40 61 8
40 62 45
40 63 79
40 64 27
40 65 51
40 66 94
41 42 51
41 43 80
41 44 84
41 45 39
41 46 84
41 47 57
41 48 59
41 49 45
41 50 74
41 51 92
41 52 50
41 53 57
41 54 82
41 55 91
41 56 100
41 57 71
41 58 24
41 59 43
41 60 87
41 61 33
41 62 100
41 63 61
41 64 76
41 65 9
41 66 70
42 43 36
42 44 6
42 45 100
42 46 62
42 47 8
42 48 46
42 49 64
42 50 39
42 51 29
42 52 2
42 53 74
42 54 85
42 55 60
42 56 19
42 57 10
42 58 4
42 59 20
42 60 18
42 61 37
42 62 10
42 63 17
42 64 7
42 65 86
42 66 11
43 44 94
43 45 18
43 46 10
43 47 6
43 48 45
43 49 70
43 50 27
43 51 80
43 52 27
43 53 27
43 54 93
43 55 34
43 56 72
43 57 56
43 58 24
43 59 52
43 60 10
43 61 98
43 62 88
43 63 21
43 64 68
43 65 97
43 66 24
44 45 39
44 46 14
44 47 60
44 48 1
44 49 82
44 50 19
44 51 86
44 52 44
44 53 12
44 54 55
44 55 5
44 56 69
44 57 99
44 58 74
44 59 95
44 60 31
44 61 53
44 62 73
44 63 75
44 64 38
44 65 44
44 66 31
45 46 62
45 47 95
45 48 92
45 49 11
45 50 82
45 51 64
45 52 30
45 53 30
45 54 88
45 55 68
45 56 95
45 57 99
45 58 68
45 59 28
45 60 17
45 61 5
45 62 71
45 63 80
45 64 59
45 65 75
45 66 48
46 47 10
46 48 1
46 49 95
46 50 92
46 51 53
46 52 67
46 53 66
46 54 42
46 55 63
46 56 48
46 57 3
46 58 57
46 59 39
46 60 65
46 61 91
46 62 55
46 63 94
46 64 72
46 65 94
46 66 62
47 48 19
47 49 92
47 50 81
47 51 46
47 52 61
47 53 86
47 54 69
47 55 92
47 56 96
47 57 95
47 58 40
47 59 5
47 60 95
47 61 34
47 62 48
47 63 99
47 64 52
47 65 14
47 66 41
48 49 14
48 50 61
48 51 95
48 52 23
48 53 52
48 54 60
48 55 13
48 56 6
48 57 5
48 58 36
48 59 99
48 60 66
48 61 54
48 62 42
48 63 99
48 64 100
48 65 2
48 66 36
49 50 20
49 51 46
49 52 31
49 53 14
49 54 85
49 55 88
49 56 61
49 57 70
49 58 35
49 59 11
49 60 73
49 61 48
49 62 3
49 63 87
49 64 61
49 65 98
49 66 9
50 51 12
50 52 9
50 53 73
50 54 69
50 55 13
50 56 8
50 57 67
50 58 31
50 59 62
50 60 60
50 61 29
50 62 13
50 63 14
50 64 64
50 65 32
50 66 59
51 52 94
51 53 97
51 54 43
51 55 33
51 56 57
51 57 64
51 58 68
51 59 68
51 60 36
51 61 67
51 62 70
51 63 22
51 64 79
51 65 19
51 66 82
52 53 90
52 54 79
52 55 54
52 56 10
52 57 92
52 58 62
52 59 76
52 60 74
52 61 23
52 62 88
52 63 2
52 64 87
52 65 1
52 66 17
53 54 18
53 55 59
53 56 62
53 57 66
53 58 53
53 59 95
53 60 23
53 61 16
53 62 14
53 63 42
53 64 3
53 65 32
53 66 63
54 55 77
54 56 11
54 57 34
54 58 58
54 59 52
54 60 12
54 61 12
54 62 62
54 63 55
54 64 25
54 65 89
54 66 28
55 56 99
55 57 76
55 58 81
55 59 85
55 60 76
55 61 97
55 62 54
55 63 34
55 64 59
55 65 19
55 66 86
56 57 5
56 58 93
56 59 53
56 60 18
56 61 86
56 62 56
56 63 49
56 64 1
56 65 84
56 66 59
57 58 86
57 59 41
57 60 63
57 61 97
57 62 4
57 63 24
57 64 4
57 65 80
57 66 64
58 59 31
58 60 78
58 61 40
58 62 64
58 63 62
58 64 67
58 65 60
58 66 67
59 60 1
59 61 18
59 62 86
59 63 38
59 64 74
59 65 30
59 66 91
60 61 91
60 62 68
60 63 98
60 64 92
60 65 68
60 66 81
61 62 2
61 63 53
61 64 73
61 65 64
61 66 1
62 63 29
62 64 87
62 65 4
62 66 8
63 64 51
63 65 87
63 66 86
64 65 42
64 66 50
65 66 99
