0 1 14
0 2 48
0 3 24
0 4 58
0 5 59
0 6 15
0 7 26
0 8 59
0 9 11
0 10 78
0 11 58
0 12 55
0 13 45
0 14 46
0 15 67
0 16 93
0 17 60
0 18 92
0 19 35
0 20 50
0 21 45
0 22 16
0 23 21
0 24 86
0 25 41
0 26 79
0 27 81
0 28 1
0 29 46
0 30 95
0 31 5
0 32 11
0 33 42
0 34 80
0 35 69
0 36 52
0 37 95
0 38 94
0 39 63
0 40 57
0 41 23
0 42 72
1 2 11
1 3 19
1 4 18
1 5 29
1 6 12
1 7 77
1 8 20
1 9 46
1 10 78
1 11 16
1 12 13
1 13 50
1 14 1
1 15 53
1 16 28
1 17 33
1 18 6
1 19 73
1 20 27
1 21 10
1 22 35
1 23 20
1 24 42
1 25 3
1 26 24
1 27 88
1 28 48
1 29 86
1 30 44
1 31 70
1 32 57
1 33 6
1 34 89
1 35 74
1 36 34
1 37 52
1 38 2
1 39 54
1 40 97
1 41 31
1 42 21
2 3 62
2 4 80
2 5 22
2 6 14
2 7 59
2 8 54
2 9 19
2 10 83
2 11 33
2 12 81
2 13 18
2 14 4
2 15 74
2 16 20
2 17 27
2 18 61
2 19 68
2 20 12
2 21 56
2 22 89
2 23 21
2 24 13
2 25 29
2 26 94
2 27 98
2 28 80
2 29 48
2 30 3
2 31 29
2 32 30
2 33 24
2 34 90
2 35 10
2 36 45
2 37 55
2 38 68
2 39 50
2 40 26
2 41 51
2 42 82
3 4 58
3 5 68
3 6 86
3 7 31
3 8 39
3 9 12
3 10 43
3 11 6
3 12 76
3 13 50
3 14 47
3 15 96
3 16 62
3 17 75
3 18 41
3 19 11
3 20 7
3 21 40
3 22 14
3 23 35
3 24 70
3 25 37
3 26 76
3 27 31
3 28 81
3 29 30
3 30 98
3 31 82
3 32 7
3 33 100
3 34 64
3 35 64
3 36 19
3 37 1
3 38 46
3 39 58
3 40 12
3 41 40
3 42 15
4 5 39
4 6 89
4 7 13
4 8 86
4 9 2
4 10 88
4 11 27
4 12 13
4 13 94
4 14 18
4 15 78
4 16 80
4 17 87
4 18 14
4 19 55
4 20 17
4 21 46
4 22 36
4 23 67
4 24 27
4 25 43
4 26 18
4 27 42
4 28 6
4 29 37
4 30 42
4 31 4
4 32 46
4 33 54
4 34 43
4 35 12
4 36 44
4 37 84
4 38 25
4 39 30
4 40 37
4 41 64
4 42 8
5 6 1
5 7 9
5 8 25
5 9 78
5 10 88
5 11 12
5 12 91
5 13 42
5 14 80
5 15 88
5 16 29
5 17 46
5 18 15
5 19 71
5 20 64
5 21 56
5 22 29
5 23 52
5 24 98
5 25 32
5 26 97
5 27 3
5 28 26
5 29 60
5 30 98
5 31 9
5 32 36
5 33 27
5 34 46
5 35 99
5 36 34
5 37 46
5 38 59
5 39 59
5 40 76
5 41 46
5 42 22
6 7 18
6 8 39
6 9 1
6 10 6
6 11 68
6 12 47
6 13 72
6 14 38
6 15 62
6 16 79
6 17 18
6 18 13
6 19 28
6 20 1
6 21 61
6 22 82
6 23 27
6 24 72
6 25 80
6 26 87
6 27 8
6 28 6
6 29 32
6 30 58
6 31 92
6 32 30
6 33 17
6 34 50
6 35 57
6 36 14
6 37 23
6 38 74
6 39 53
6 40 23
6 41 79
6 42 20
7 8 21
7 9 2
7 10 9
7 11 34
7 12 81
7 13 79
7 14 98
7 15 60
7 16 79
7 17 58
7 18 42
7 19 5
7 20 82
7 21 21
7 22 92
7 23 41
7 24 78
7 25 75
7 26 50
7 27 69
7 28 56
7 29 66
7 30 70
7 31 12
7 32 80
7 33 92
7 34 38
7 35 84
7 36 67
7 37 16
7 38 55
7 39 39
7 40 70
7 41 15
7 42 73
8 9 2
8 10 93
8 11 70
8 12 61
8 13 24
8 14 80
8 15 54
8 16 28
8 17 61
8 18 74
8 19 71
8 20 53
8 21 4
8 22 98
8 23 2
8 24 24
8 25 53
8 26 68
8 27 46
8 28 17
8 29 99
8 30 89
8 31 54
8 32 34
8 33 55
8 34 21
8 35 88
8 36 94
8 37 90
8 38 54
8 39 66
8 40 91
8 41 99
8 42 87
9 10 4
9 11 22
9 12 66
9 13 57
9 14 49
9 15 78
9 16 83
9 17 72
9 18 30
9 19 38
9 20 69
9 21 32
9 22 61
9 23 73
9 24 51
9 25 6
9 26 89
9 27 1
9 28 47
9 29 94
9 30 86
9 31 1
9 32 15
9 33 25
9 34 46
9 35 56
9 36 78
9 37 63
9 38 99
9 39 76
9 40 50
9 41 2
9 42 97
10 11 67
10 12 10
10 13 98
10 14 45
10 15 92
10 16 21
10 17 26
10 18 29
10 19 89
10 20 9
10 21 42
10 22 13
10 23 59
10 24 99
10 25 54
10 26 11
10 27 45
10 28 47
10 29 96
10 30 46
10 31 13
10 32 20
10 33 43
10 34 21
10 35 50
10 36 6
10 37 19
10 38 25
10 39 7
10 40 72
10 41 74
10 42 73
11 12 81
11 13 71
11 14 69
11 15 25
11 16 91
11 17 47
11 18 5
11 19 31
11 20 55
11 21 46
11 22 95
11 23 66
11 24 45
11 25 48
11 26 76
11 27 41
11 28 47
11 29 24
11 30 38
11 31 11
11 32 95
11 33 81
11 34 31
11 35 44
11 36 38
11 37 49
11 38 69
11 39 44
11 40 20
11 41 42
11 42 68
12 13 53
12 14 64
12 15 89
12 16 77
12 17 6
12 18 35
12 19 81
12 20 88
12 21 89
12 22 79
12 23 82
12 24 54
12 25 75
12 26 82
12 27 82
12 28 15
12 29 28
12 30 5
12 31 53
12 32 38
12 33 99
12 34 33
12 35 69
12 36 95
12 37 70
12 38 69
12 39 63
12 40 65
12 41 41
12 42 56
13 14 32
13 15 93
13 16 71
13 17 72
13 18 21
13 19 28
13 20 6
13 21 53
13 22 15
13 23 95
13 24 31
13 25 96
13 26 100
13 27 5
13 28 77
13 29 81
13 30 72
13 31 56
13 32 37
13 33 24
13 34 94
13 35 88
13 36 8
13 37 14
13 38 82
13 39 29
13 40 82
13 41 96
13 42 93
14 15 22
14 16 3
14 17 76
14 18 66
14 19 73
14 20 48
14 21 86
14 22 100
14 23 53
14 24 39
14 25 14
14 26 99
14 27 69
14 28 61
14 29 99
14 30 26
14 31 90
14 32 31
14 33 97
14 34 45
14 35 68
14 36 72
14 37 90
14 38 55
14 39 79
14 40 55
14 41 36
14 42 7
15 16 89
15 17 83
15 18 99
15 19 62
15 20 85
15 21 26
15 22 28
15 23 57
15 24 73
15 25 13
15 26 8
15 27 78
15 28 3
15 29 73
15 30 76
15 31 24
15 32 85
15 33 26
15 34 1
15 35 74
15 36 57
15 37 97
15 38 71
15 39 24
15 40 68
15 41 12
15 42 30
16 17 98
16 18 19
16 19 17
16 20 4
16 21 7
16 22 99
16 23 54
16 24 68
16 25 83
16 26 31
16 27 47
16 28 91
16 29 56
16 30 12
16 31 50
16 32 33
16 33 14
16 34 22
16 35 60
16 36 37
16 37 6
16 38 86
16 39 89
16 40 32
16 41 94
16 42 85
17 18 2
17 19 69
17 20 4
17 21 65
17 22 98
17 23 53
17 24 83
17 25 14
17 26 56
17 27 89
17 28 64
17 29 61
17 30 9
17 31 98
17 32 92
17 33 55
17 34 40
17 35 47
17 36 66
17 37 89
17 38 31
17 39 80
17 40 10
17 41 90
17 42 68
18 19 67
18 20 27
18 21 57
18 22 98
18 23 72
18 24 93
18 25 99
18 26 40
18 27 49
18 28 16
18 29 37
18 30 1
18 31 98
18 32 2
18 33 9
18 34 39
18 35 17
18 36 69
18 37 47
18 38 14
18 39 60
18 40 1
18 41 53
18 42 58
19 20 19
19 21 93
19 22 88
19 23 50
19 24 2
19 25 30
19 26 17
19 27 69
19 28 56
19 29 25
19 30 66
19 31 28
19 32 70
19 33 17
19 34 19
19 35 70
19 36 32
19 37 8
19 38 70
19 39 81
19 40 9
19 41 78
19 42 19
20 21 78
20 22 99
20 23 17
20 24 43
20 25 10
20 26 70
20 27 96
20 28 68
20 29 88
20 30 88
20 31 7
20 32 37
20 33 42
20 34 36
20 35 5
20 36 62
20 37 44
20 38 82
20 39 79
20 40 23
20 41 51
20 42 95
21 22 41
21 23 72
21 24 78
21 25 48
21 26 41
21 27 11
21 28 9
21 29 71
21 30 81
21 31 86
21 32 69
21 33 98
21 34 28
21 35 30
21 36 67
21 37 75
21 38 49
21 39 6
21 40 15
21 41 56
21 42 42
22 23 8
22 24 43
22 25 98
22 26 69
22 27 86
22 28 79
22 29 47
22 30 8
22 31 81
22 32 94
22 33 1
22 34 52
22 35 23
22 36 100
22 37 45
22 38 33
22 39 8
22 40 15
22 41 14
22 42 45
23 24 35
23 25 63
23 26 25
23 27 16
23 28 81
23 29 51
23 30 65
23 31 86
23 32 65
23 33 20
23 34 27
23 35 24
23 36 62
23 37 76
23 38 92
23 39 100
23 40 55
23 41 91
23 42 59
24 25 87
24 26 84
24 27 59
24 28 39
24 29 6
24 30 59
24 31 83
24 32 91
24 33 18
24 34 49
24 35 56
24 36 15
24 37 35
24 38 18
24 39 39
24 40 50
24 41 50
24 42 89
25 26 14
25 27 35
25 28 6
25 29 85
25 30 13
25 31 29
25 32 99
25 33 88
25 34 21
25 35 98
25 36 42
25 37 63
25 38 56
25 39 29
25 40 46
25 41 67
25 42 19
26 27 3
26 28 77
26 29 53
26 30 45
26 31 46
26 32 1
26 33 100
26 34 60
26 35 87
26 36 69
26 37 98
26 38 36
26 39 18
26 40 39
26 41 2
26 42 52
27 28 44
27 29 38
27 30 16
27 31 24
27 32 36
27 33 4
27 34 44
27 35 85
27 36 97
27 37 58
27 38 93
27 39 77
27 40 3
27 41 59
27 42 95
28 29 58
28 30 87
28 31 47
28 32 2
28 33 32
28 34 99
28 35 54
28 36 92
28 37 85
28 38 22
28 39 41
28 40 73
28 41 92
28 42 31
29 30 26
29 31 95
29 32 26
29 33 63
29 34 11
29 35 50
29 36 51
29 37 14
29 38 45
29 39 35
29 40 10
29 41 3
29 42 27
30 31 87
30 32 57
30 33 37
30 34 33
30 35 14
30 36 23
30 37 32
30 38 16
30 39 55
30 40 30
30 41 21
30 42 98
31 32 67
31 33 94
31 34 90
31 35 39
31 36 85
31 37 73
31 38 64
31 39 80
31 40 98
31 41 26
31 42 42
32 33 47
32 34 28
32 35 7
32 36 44
32 37 63
32 38 68
32 39 46
32 40 41
32 41 6
32 42 2
33 34 78
33 35 39
33 36 68
33 37 100
33 38 70
33 39 35
33 40 6
33 41 99
33 42 55
34 35 55
34 36 17
34 37 48
34 38 97
34 39 55
34 40 33
34 41 69
34 42 70
35 36 64
35 37 66
35 38 96
35 39 57
35 40 65
35 41 23
35 42 63
36 37 8
36 38 37
36 39 30
36 40 5
36 41 78
36 42 36
37 38 58
37 39 55
37 40 74
37 41 25
37 42 6
38 39 95
38 40 59
38 41 64
38 42 45
39 40 65
39 41 18
39 42 62
40 41 13
40 42 66
41 42 16
