0 1 35
0 2 99
0 3 5
0 4 40
0 5 21
0 6 19
0 7 16
0 8 91
0 9 76
0 10 40
0 11 22
0 12 54
0 13 18
0 14 1
0 15 71
0 16 43
0 17 93
0 18 41
0 19 93
0 20 51
0 21 9
0 22 25
0 23 70
0 24 29
0 25 8
0 26 17
0 27 27
0 28 3
0 29 35
0 30 32
0 31 93
0 32 69
0 33 30
0 34 98
0 35 61
0 36 3
0 37 16
0 38 76
0 39 45
0 40 43
0 41 68
0 42 67
0 43 96
0 44 85
0 45 19
0 46 66
0 47 80
0 48 63
0 49 59
0 50 72
0 51 66
0 52 67
0 53 96
0 54 35
0 55 47
0 56 4
0 57 51
0 58 74
0 59 6
1 2 85
1 3 5
1 4 98
1 5 6
1 6 86
1 7 47
1 8 66
1 9 40
1 10 63
1 11 93
1 12 85
1 13 5
1 14 60
1 15 3
1 16 1
1 17 97
1 18 73
1 19 18
1 20 76
1 21 36
1 22 76
1 23 47
1 24 1
1 25 94
1 26 94
1 27 87
1 28 41
1 29 49
1 30 37
1 31 66
1 32 54
1 33 73
1 34 70
1 35 4
1 36 78
1 37 55
1 38 50
1 39 95
1 40 47
1 41 64
1 42 40
1 43 31
1 44 69
1 45 51
1 46 85
1 47 21
1 48 47
1 49 57
1 50 38
1 51 74
1 52 44
1 53 66
1 54 72
1 55 96
1 56 11
1 57 66
1 58 82
1 59 51
2 3 14
2 4 18
2 5 16
2 6 20
2 7 43
2 8 37
2 9 75
2 10 72
2 11 44
2 12 76
2 13 19
2 14 90
2 15 40
2 16 58
2 17 72
2 18 8
2 19 60
2 20 56
2 21 80
2 22 7
2 23 12
2 24 17
2 25 80
2 26 56
2 27 34
2 28 52
2 29 51
2 30 45
2 31 69
2 32 85
2 33 95
2 34 34
2 35 54
2 36 63
2 37 5
2 38 96
2 39 99
2 40 79
2 41 20
2 42 94
2 43 7
2 44 38
2 45 83
2 46 46
2 47 47
2 48 54
2 49 5
2 50 6
2 51 61
2 52 84
2 53 12
2 54 73
2 55 52
2 56 44
2 57 80
2 58 86
2 59 47
3 4 82
3 5 30
3 6 67
3 7 66
3 8 76
3 9 100
3 10 20
3 11 90
3 12 5
3 13 67
3 14 41
3 15 35
3 16 86
3 17 34
3 18 41
3 19 23
3 20 69
3 21 38
3 22 21
3 23 22
3 24 42
3 25 27
3 26 83
3 27 25
3 28 90
3 29 7
3 30 77
3 31 85
3 32 38
3 33 14
3 34 31
3 35 71
3 36 43
3 37 49
3 38 37
3 39 70
3 40 49
3 41 8
3 42 60
3 43 5
3 44 26
3 45 100
3 46 91
3 47 12
3 48 85
3 49 84
3 50 86
3 51 53
3 52 21
3 53 7
3 54 75
3 55 15
3 56 85
3 57 9
3 58 39
3 59 74
4 5 67
4 6 67
4 7 59
4 8 56
4 9 80
4 10 41
4 11 26
4 12 74
4 13 90
4 14 62
4 15 44
4 16 90
4 17 21
4 18 3
4 19 46
4 20 47
4 21 54
4 22 36
4 23 10
4 24 38
4 25 19
4 26 95
4 27 91
4 28 92
4 29 53
4 30 17
4 31 6
4 32 89
4 33 77
4 34 96
4 35 15
4 36 43
4 37 15
4 38 25
4 39 98
4 40 94
4 41 65
4 42 23
4 43 20
4 44 6
4 45 37
4 46 63
4 47 47
4 48 9
4 49 17
4 50 92
4 51 55
4 52 70
4 53 80
4 54 16
4 55 7
4 56 50
4 57 63
4 58 49
4 59 41
5 6 67
5 7 65
5 8 98
5 9 56
5 10 41
5 11 94
5 12 70
5 13 35
5 14 60
5 15 94
5 16 84
5 17 53
5 18 10
5 19 59
5 20 24
5 21 68
5 22 95
5 23 86
5 24 14
5 25 55
5 26 2
5 27 58
5 28 62
5 29 23
5 30 37
5 31 77
5 32 82
5 33 86
5 34 39
5 35 30
5 36 27
5 37 6
5 38 47
5 39 76
5 40 13
5 41 39
5 42 21
5 43 82
5 44 74
5 45 80
5 46 27
5 47 9
5 48 85
5 49 88
5 50 67
5 51 8
5 52 55
5 53 61
5 54 94
5 55 21
5 56 68
5 57 47
5 58 78
5 59 29
6 7 70
6 8 66
6 9 5
6 10 3
6 11 51
6 12 44
6 13 32
6 14 29
6 15 1
6 16 30
6 17 5
6 18 13
6 19 69
6 20 77
6 21 46
6 22 94
6 23 57
6 24 72
6 25 2
6 26 41
6 27 11
6 28 69
6 29 48
6 30 18
6 31 81
6 32 93
6 33 90
6 34 48
6 35 92
6 36 19
6 37 76
6 38 13
6 39 84
6 40 81
6 41 15
6 42 86
6 43 76
6 44 98
6 45 15
6 46 28
6 47 28
6 48 71
6 49 40
6 50 48
6 51 47
6 52 85
6 53 41
6 54 55
6 55 8
6 56 94
6 57 95
6 58 70
6 59 62
7 8 95
7 9 87
7 10 95
7 11 39
7 12 76
7 13 42
7 14 30
7 15 94
7 16 70
7 17 94
7 18 29
7 19 50
7 20 8
7 21 15
7 22 77
7 23 58
7 24 29
7 25 4
7 26 85
7 27 51
7 28 95
7 29 84
7 30 49
7 31 79
7 32 76
7 33 4
7 34 38
7 35 69
7 36 50
7 37 7
7 38 31
7 39 96
7 40 94
7 41 77
7 42 87
7 43 21
7 44 18
7 45 68
7 46 67
7 47 87
7 48 62
7 49 95
7 50 88
7 51 69
7 52 9
7 53 16
7 54 26
7 55 89
7 56 19
7 57 62
7 58 39
7 59 13
8 9 97
8 10 88
8 11 43
8 12 72
8 13 43
8 14 32
8 15 41
8 16 44
8 17 39
8 18 23
8 19 92
8 20 84
8 21 99
8 22 78
8 23 4
8 24 68
8 25 45
8 26 70
8 27 7
8 28 6
8 29 65
8 30 94
8 31 27
8 32 25
8 33 62
8 34 4
8 35 14
8 36 80
8 37 18
8 38 52
8 39 45
8 40 14
8 41 91
8 42 39
8 43 86
8 44 85
8 45 71
8 46 26
8 47 29
8 48 9
8 49 48
8 50 20
8 51 44
8 52 98
8 53 49
8 54 99
8 55 65
8 56 93
8 57 69
8 58 71
8 59 51
9 10 85
9 11 17
9 12 29
9 13 9
9 14 78
9 15 32
9 16 74
9 17 9
9 18 1
9 19 26
9 20 5
9 21 15
9 22 68
9 23 44
9 24 100
9 25 53
9 26 14
9 27 77
9 28 33
9 29 74
9 30 76
9 31 4
9 32 17
9 33 73
9 34 52
9 35 15
9 36 89
9 37 96
9 38 35
9 39 12
9 40 46
9 41 71
9 42 28
9 43 26
9 44 32
9 45 57
9 46 58
9 47 5
9 48 65
9 49 58
9 50 82
9 51 22
9 52 24
9 53 50
9 54 65
9 55 75
9 56 54
9 57 30
9 58 51
9 59 86
10 11 3
10 12 26
10 13 41
10 14 71
10 15 50
10 16 92
10 17 37
10 18 39
10 19 39
10 20 24
10 21 2
10 22 37
10 23 46
10 24 29
10 25 62
10 26 29
10 27 37
10 28 71
10 29 34
10 30 53
10 31 81
10 32 67
10 33 74
10 34 4
10 35 68
10 36 38
10 37 79
10 38 21
10 39 19
10 40 81
10 41 58
10 42 73
10 43 7
10 44 50
10 45 43
10 46 8
10 47 41
10 48 32
10 49 98
10 50 32
10 51 55
10 52 99
10 53 68
10 54 52
10 55 79
10 56 29
10 57 81
10 58 15
10 59 52
11 12 66
11 13 68
11 14 32
11 15 32
11 16 41
11 17 87
11 18 100
11 19 31
11 20 17
11 21 72
11 22 1
11 23 98
11 24 82
11 25 74
11 26 56
11 27 31
11 28 68
11 29 63
11 30 24
11 31 99
11 32 61
11 33 55
11 34 5
11 35 11
11 36 74
11 37 57
11 38 90
11 39 54
11 40 37
11 41 4
11 42 5
11 43 2
11 44 23
11 45 88
11 46 85
11 47 16
11 48 75
11 49 36
11 50 98
11 51 91
11 52 8
11 53 98
11 54 88
11 55 41
11 56 71
11 57 43
11 58 71
11 59 91
12 13 58
12 14 46
12 15 89
12 16 18
12 17 100
12 18 46
12 19 80
12 20 73
12 21 54
12 22 69
12 23 79
12 24 90
12 25 25
12 26 83
12 27 43
12 28 47
12 29 71
12 30 79
12 31 14
12 32 97
12 33 15
12 34 11
12 35 87
12 36 74
12 37 9
12 38 27
12 39 14
12 40 31
12 41 21
12 42 84
12 43 21
12 44 78
12 45 30
12 46 62
12 47 47
12 48 81
12 49 7
12 50 27
12 51 6
12 52 60
12 53 47
12 54 84
12 55 1
12 56 71
12 57 18
12 58 95
12 59 70
13 14 88
13 15 73
13 16 35
13 17 84
13 18 87
13 19 46
13 20 23
13 21 12
13 22 54
13 23 49
13 24 25
13 25 36
13 26 69
13 27 9
13 28 57
13 29 99
13 30 90
13 31 18
13 32 45
13 33 22
13 34 24
13 35 23
13 36 27
13 37 35
13 38 70
13 39 62
13 40 35
13 41 92
13 42 80
13 43 29
13 44 13
13 45 67
13 46 53
13 47 48
13 48 3
13 49 92
13 50 93
13 51 25
13 52 3
13 53 98
13 54 25
13 55 28
13 56 33
13 57 45
13 58 88
13 59 89
14 15 43
14 16 29
14 17 58
14 18 40
14 19 50
14 20 33
14 21 62
14 22 29
14 23 67
14 24 31
14 25 90
14 26 53
14 27 23
14 28 69
14 29 81
14 30 35
14 31 88
14 32 86
14 33 34
14 34 90
14 35 77
14 36 26
14 37 66
14 38 31
14 39 23
14 40 42
14 41 58
14 42 8
14 43 38
14 44 97
14 45 96
14 46 81
14 47 25
14 48 6
14 49 72
14 50 27
14 51 38
14 52 33
14 53 55
14 54 5
14 55 16
14 56 44
14 57 57
14 58 90
14 59 65
15 16 90
15 17 76
15 18 52
15 19 27
15 20 10
15 21 41
15 22 3
15 23 35
15 24 58
15 25 33
15 26 10
15 27 99
15 28 43
15 29 17
15 30 88
15 31 39
15 32 64
15 33 20
15 34 16
15 35 69
15 36 91
15 37 42
15 38 59
15 39 76
15 40 96
15 41 63
15 42 91
15 43 91
15 44 71
15 45 32
15 46 55
15 47 12
15 48 7
15 49 6
15 50 38
15 51 16
15 52 98
15 53 92
15 54 3
15 55 7
15 56 77
15 57 64
15 58 57
15 59 19
16 17 80
16 18 45
16 19 9
16 20 95
16 21 64
16 22 76
16 23 64
16 24 55
16 25 17
16 26 74
16 27 30
16 28 64
16 29 36
16 30 72
16 31 7
16 32 58
16 33 3
16 34 61
16 35 70
16 36 61
16 37 19
16 38 7
16 39 29
16 40 68
16 41 51
16 42 31
16 43 75
16 44 27
16 45 46
16 46 31
16 47 45
16 48 25
16 49 27
16 50 5
16 51 19
16 52 91
16 53 81
16 54 34
16 55 97
16 56 49
16 57 7
16 58 78
16 59 13
17 18 94
17 19 49
17 20 71
17 21 4
17 22 3
17 23 83
17 24 73
17 25 63
17 26 1
17 27 31
17 28 43
17 29 21
17 30 81
17 31 25
17 32 47
17 33 7
17 34 70
17 35 77
17 36 3
17 37 94
17 38 56
17 39 8
17 40 65
17 41 46
17 42 40
17 43 50
17 44 42
17 45 88
17 46 9
17 47 71
17 48 52
17 49 54
17 50 19
17 51 22
17 52 57
17 53 73
17 54 5
17 55 81
17 56 87
17 57 57
17 58 64
17 59 30
18 19 29
18 20 44
18 21 54
18 22 75
18 23 3
18 24 24
18 25 4
18 26 57
18 27 69
18 28 59
18 29 64
18 30 85
18 31 4
18 32 3
18 33 87
18 34 97
18 35 43
18 36 95
18 37 67
18 38 94
18 39 100
18 40 37
18 41 68
18 42 9
18 43 61
18 44 24
18 45 89
18 46 47
18 47 80
18 48 52
18 49 28
18 50 61
18 51 48
18 52 82
18 53 35
18 54 2
18 55 57
18 56 38
18 57 58
18 58 25
18 59 96
19 20 74
19 21 62
19 22 51
19 23 76
19 24 48
19 25 47
19 26 70
19 27 94
19 28 65
19 29 64
19 30 93
19 31 53
19 32 31
19 33 1
19 34 13
19 35 54
19 36 42
19 37 60
19 38 85
19 39 45
19 40 87
19 41 45
19 42 44
19 43 20
19 44 80
19 45 45
19 46 76
19 47 69
19 48 3
19 49 53
19 50 65
19 51 76
19 52 14
19 53 15
19 54 3
19 55 13
19 56 14
19 57 73
19 58 6
19 59 30
20 21 88
20 22 50
20 23 83
20 24 18
20 25 3
20 26 47
20 27 23
20 28 44
20 29 58
20 30 59
20 31 40
20 32 97
20 33 56
20 34 84
20 35 16
20 36 35
20 37 28
20 38 44
20 39 55
20 40 82
20 41 96
20 42 19
20 43 9
20 44 61
20 45 86
20 46 12
20 47 73
20 48 51
20 49 36
20 50 30
20 51 32
20 52 23
20 53 79
20 54 66
20 55 92
20 56 33
20 57 13
20 58 66
20 59 76
21 22 70
21 23 24
21 24 68
21 25 66
21 26 79
21 27 51
21 28 34
21 29 65
21 30 30
21 31 77
21 32 20
21 33 64
21 34 24
21 35 90
21 36 72
21 37 36
21 38 27
21 39 83
21 40 60
21 41 29
21 42 70
21 43 41
21 44 61
21 45 92
21 46 19
21 47 78
21 48 35
21 49 52
21 50 90
21 51 100
21 52 79
21 53 12
21 54 76
21 55 98
21 56 29
21 57 54
21 58 100
21 59 14
22 23 71
22 24 30
22 25 42
22 26 42
22 27 93
22 28 65
22 29 31
22 30 16
22 31 52
22 32 10
22 33 51
22 34 63
22 35 38
22 36 20
22 37 3
22 38 50
22 39 64
22 40 74
22 41 28
22 42 98
22 43 77
22 44 69
22 45 50
22 46 7
22 47 32
22 48 25
22 49 5
22 50 61
22 51 30
22 52 4
22 53 74
22 54 100
22 55 85
22 56 16
22 57 41
22 58 77
22 59 32
23 24 24
23 25 93
23 26 36
23 27 85
23 28 43
23 29 98
23 30 22
23 31 14
23 32 1
23 33 24
23 34 77
23 35 26
23 36 3
23 37 75
23 38 2
23 39 71
23 40 24
23 41 8
23 42 3
23 43 100
23 44 12
23 45 15
23 46 29
23 47 16
23 48 88
23 49 29
23 50 52
23 51 55
23 52 21
23 53 29
23 54 39
23 55 44
23 56 73
23 57 74
23 58 28
23 59 67
24 25 23
24 26 2
24 27 32
24 28 75
24 29 77
24 30 9
24 31 100
24 32 79
24 33 35
24 34 1
24 35 49
24 36 10
24 37 61
24 38 3
24 39 9
24 40 72
24 41 17
24 42 37
24 43 39
24 44 57
24 45 65
24 46 91
24 47 63
24 48 38
24 49 71
24 50 1
24 51 33
24 52 95
24 53 26
24 54 61
24 55 13
24 56 49
24 57 14
24 58 44
24 59 75
25 26 90
25 27 4
25 28 75
25 29 68
25 30 38
25 31 27
25 32 68
25 33 47
25 34 87
25 35 23
25 36 55
25 37 11
25 38 91
25 39 92
25 40 1
25 41 47
25 42 8
25 43 43
25 44 62
25 45 45
25 46 13
25 47 14
25 48 30
25 49 59
25 50 40
25 51 90
25 52 71
25 53 40
25 54 55
25 55 67
25 56 66
25 57 96
25 58 70
25 59 40
26 27 63
26 28 60
26 29 19
26 30 82
26 31 6
26 32 57
26 33 56
26 34 13
26 35 19
26 36 47
26 37 56
26 38 20
26 39 45
26 40 15
26 41 62
26 42 6
26 43 12
26 44 27
26 45 20
26 46 41
26 47 37
26 48 59
26 49 82
26 50 8
26 51 50
26 52 36
26 53 26
26 54 15
26 55 31
26 56 47
26 57 7
26 58 45
26 59 6
27 28 77
27 29 78
27 30 12
27 31 85
27 32 34
27 33 76
27 34 4
27 35 80
27 36 31
27 37 75
27 38 24
27 39 45
27 40 88
27 41 30
27 42 56
27 43 14
27 44 1
27 45 96
27 46 51
27 47 59
27 48 77
27 49 10
27 50 60
27 51 64
27 52 87
27 53 26
27 54 94
27 55 33
27 56 32
27 57 90
27 58 39
27 59 60
28 29 68
28 30 2
28 31 45
28 32 53
28 33 77
28 34 48
28 35 32
28 36 7
28 37 74
28 38 55
28 39 51
28 40 61
28 41 36
28 42 59
28 43 27
28 44 36
28 45 6
28 46 29
28 47 46
28 48 35
28 49 90
28 50 57
28 51 98
28 52 76
28 53 83
28 54 44
28 55 8
28 56 66
28 57 85
28 58 46
28 59 26
29 30 4
29 31 47
29 32 70
29 33 56
29 34 23
29 35 69
29 36 87
29 37 81
29 38 42
29 39 94
29 40 84
29 41 2
29 42 81
29 43 42
29 44 80
29 45 17
29 46 99
29 47 8
29 48 14
29 49 33
29 50 97
29 51 71
29 52 83
29 53 72
29 54 53
29 55 26
29 56 32
29 57 18
29 58 62
29 59 77
30 31 43
30 32 66
30 33 76
30 34 64
30 35 21
30 36 50
30 37 32
30 38 8
30 39 31
30 40 25
30 41 53
30 42 14
30 43 27
30 44 33
30 45 7
30 46 6
30 47 1
30 48 5
30 49 66
30 50 15
30 51 38
30 52 62
30 53 85
30 54 72
30 55 86
30 56 89
30 57 97
30 58 17
30 59 6
31 32 10
31 33 93
31 34 1
31 35 75
31 36 20
31 37 16
31 38 96
31 39 22
31 40 48
31 41 55
31 42 52
31 43 72
31 44 7
31 45 17
31 46 50
31 47 91
31 48 23
31 49 8
31 50 92
31 51 79
31 52 73
31 53 6
31 54 68
31 55 86
31 56 42
31 57 39
31 58 71
31 59 30
32 33 87
32 34 87
32 35 87
32 36 97
32 37 32
32 38 39
32 39 71
32 40 51
32 41 55
32 42 18
32 43 72
32 44 2
32 45 72
32 46 75
32 47 25
32 48 30
32 49 91
32 50 27
32 51 21
32 52 65
32 53 34
32 54 64
32 55 96
32 56 58
32 57 69
32 58 63
32 59 43
33 34 10
33 35 2
33 36 14
33 37 91
33 38 88
33 39 100
33 40 77
33 41 84
33 42 83
33 43 16
33 44 7
33 45 86
33 46 22
33 47 24
33 48 9
33 49 75
33 50 96
33 51 84
33 52 99
33 53 77
33 54 26
33 55 25
33 56 49
33 57 43
33 58 10
33 59 12
34 35 38
34 36 67
34 37 80
34 38 100
34 39 10
34 40 41
34 41 53
34 42 75
34 43 83
34 44 93
34 45 26
34 46 60
34 47 76
34 48 9
34 49 27
34 50 34
34 51 94
34 52 100
34 53 58
34 54 2
34 55 74
34 56 5
34 57 37
34 58 72
34 59 81
35 36 63
35 37 49
35 38 30
35 39 5
35 40 58
35 41 41
35 42 94
35 43 77
35 44 73
35 45 45
35 46 86
35 47 65
35 48 98
35 49 12
35 50 48
35 51 90
35 52 37
35 53 59
35 54 17
35 55 45
35 56 37
35 57 51
35 58 38
35 59 36
36 37 8
36 38 92
36 39 9
36 40 12
36 41 28
36 42 32
36 43 44
36 44 42
36 45 32
36 46 73
36 47 46
36 48 42
36 49 66
36 50 91
36 51 18
36 52 38
36 53 36
36 54 55
36 55 2
36 56 85
36 57 66
36 58 1
36 59 26
37 38 54
37 39 59
37 40 42
37 41 99
37 42 95
37 43 44
37 44 88
37 45 82
37 46 51
37 47 79
37 48 42
37 49 14
37 50 59
37 51 26
37 52 10
37 53 100
37 54 57
37 55 82
37 56 98
37 57 50
37 58 99
37 59 88
38 39 67
38 40 36
38 41 75
38 42 73
38 43 90
38 44 59
38 45 90
38 46 90
38 47 84
38 48 44
38 49 1
38 50 78
38 51 42
38 52 47
38 53 21
38 54 81
38 55 29
38 56 24
38 57 12
38 58 22
38 59 89
39 40 70
39 41 47
39 42 98
39 43 69
39 44 56
39 45 32
39 46 18
39 47 5
39 48 30
39 49 6
39 50 24
39 51 18
39 52 32
39 53 96
39 54 59
39 55 43
39 56 38
39 57 100
39 58 78
39 59 81
40 41 100
40 42 55
40 43 74
40 44 99
40 45 28
40 46 54
40 47 79
40 48 51
40 49 17
40 50 100
40 51 91
40 52 86
40 53 99
40 54 89
40 55 7
40 56 54
40 57 72
40 58 24
40 59 58
41 42 53
41 43 81
41 44 81
41 45 22
41 46 13
41 47 29
41 48 80
41 49 7
41 50 66
41 51 32
41 52 84
41 53 46
41 54 31
41 55 39
41 56 71
41 57 81
41 58 66
41 59 76
42 43 59
42 44 68
42 45 93
42 46 11
42 47 58
42 48 30
42 49 9
42 50 98
42 51 88
42 52 62
42 53 21
42 54 64
42 55 19
42 56 74
42 57 44
42 58 52
42 59 95
43 44 8
43 45 80
43 46 27
43 47 14
43 48 45
43 49 58
43 50 50
43 51 42
43 52 40
43 53 88
43 54 12
43 55 21
43 56 5
43 57 39
43 58 31
43 59 24
44 45 31
44 46 41
44 47 33
44 48 13
44 49 1
44 50 31
44 51 100
44 52 14
44 53 51
44 54 63
44 55 85
44 56 76
44 57 59
44 58 36
44 59 71
45 46 18
45 47 15
45 48 49
45 49 84
45 50 11
45 51 6
45 52 33
45 53 52
45 54 45
45 55 72
45 56 15
45 57 17
45 58 76
45 59 53
46 47 48
46 48 51
46 49 36
46 50 40
46 51 83
46 52 48
46 53 93
46 54 13
46 55 99
46 56 6
46 57 16
46 58 14
46 59 90
47 48 91
47 49 72
47 50 25
47 51 13
47 52 41
47 53 91
47 54 61
47 55 24
47 56 1
47 57 18
47 58 56
47 59 4
48 49 63
48 50 27
48 51 18
48 52 31
48 53 54
48 54 23
48 55 30
48 56 4
48 57 58
48 58 22
48 59 87
49 50 57
49 51 14
49 52 51
49 53 7
49 54 71
49 55 18
49 56 20
49 57 61
49 58 61
49 59 43
50 51 37
50 52 73
50 53 84
50 54 80
50 55 86
50 56 7
50 57 32
50 58 3
50 59 63
51 52 36
51 53 17
51 54 41
51 55 5
51 56 48
51 57 95
51 58 27
51 59 77
52 53 50
52 54 36
52 55 50
52 56 88
52 57 44
52 58 63
52 59 91
53 54 51
53 55 34
53 56 8
53 57 22
53 58 46
53 59 68
54 55 65
54 56 82
54 57 93
54 58 48
54 59 61
55 56 78
55 57 54
55 58 93
55 59 80
56 57 68
56 58 80
56 59 49
57 58 61
57 59 84
58 59 96
