0 1 61
0 2 22
0 3 17
0 4 44
0 5 98
0 6 1
0 7 97
0 8 97
0 9 39
0 10 80
0 11 77
0 12 30
0 13 60
0 14 64
0 15 81
0 16 92
0 17 42
0 18 75
0 19 9
0 20 98
0 21 54
0 22 20
0 23 34
0 24 21
0 25 87
0 26 19
0 27 89
0 28 97
0 29 69
0 30 46
0 31 14
0 32 81
0 33 68
0 34 31
0 35 24
0 36 17
0 37 83
0 38 20
0 39 13
0 40 73
0 41 52
0 42 42
0 43 54
0 44 11
0 45 5
0 46 34
0 47 55
0 48 99
0 49 8
0 50 15
0 51 96
0 52 14
0 53 86
0 54 30
0 55 34
0 56 72
0 57 100
0 58 22
0 59 68
0 60 69
0 61 68
0 62 82
0 63 49
0 64 87
0 65 64
0 66 25
0 67 3
0 68 98
0 69 96
0 70 15
0 71 71
0 72 47
1 2 8
1 3 24
1 4 10
1 5 65
1 6 58
1 7 16
1 8 63
1 9 17
1 10 30
1 11 10
1 12 82
1 13 15
1 14 91
1 15 16
1 16 39
1 17 91
1 18 89
1 19 6
1 20 11
1 21 8
1 22 39
1 23 11
1 24 94
1 25 2
1 26 87
1 27 96
1 28 52
1 29 35
1 30 63
1 31 22
1 32 33
1 33 70
1 34 97
1 35 42
1 36 34
1 37 6
1 38 9
1 39 96
1 40 75
1 41 90
1 42 58
1 43 56
1 44 57
1 45 48
1 46 23
1 47 95
1 48 90
1 49 12
1 50 100
1 51 100
1 52 71
1 53 91
1 54 63
1 55 65
1 56 44
1 57 49
1 58 60
1 59 95
1 60 35
1 61 74
1 62 16
1 63 68
1 64 44
1 65 65
1 66 61
1 67 77
1 68 70
1 69 70
1 70 25
1 71 96
1 72 59
2 3 82
2 4 52
2 5 15
2 6 81
2 7 26
2 8 61
2 9 71
2 10 37
2 11 13
2 12 22
2 13 8
2 14 3
2 15 84
2 16 24
2 17 46
2 18 85
2 19 35
2 20 41
2 21 71
2 22 9
2 23 8
2 24 38
2 25 52
2 26 24
2 27 99
2 28 28
2 29 46
2 30 20
2 31 4
2 32 41
2 33 30
2 34 37
2 35 44
2 36 97
2 37 18
2 38 70
2 39 57
2 40 40
2 41 58
2 42 69
2 43 61
2 44 17
2 45 71
2 46 97
2 47 40
2 48 69
2 49 33
2 50 75
2 51 61
2 52 3
2 53 83
2 54 20
2 55 93
2 56 34
2 57 44
2 58 43
2 59 13
2 60 89
2 61 62
2 62 17
2 63 81
2 64 43
2 65 53
2 66 77
2 67 39
2 68 22
2 69 46
2 70 48
2 71 61
2 72 55
3 4 16
3 5 74
3 6 72
3 7 39
3 8 22
3 9 11
3 10 7
3 11 54
3 12 37
3 13 19
3 14 8
3 15 19
3 16 38
3 17 100
3 18 4
3 19 33
3 20 42
3 21 69
3 22 73
3 23 55
3 24 37
3 25 54
3 26 98
3 27 41
3 28 82
3 29 88
3 30 63
3 31 27
3 32 35
3 33 75
3 34 33
3 35 51
3 36 48
3 37 4
3 38 41
3 39 21
3 40 67
3 41 99
3 42 26
3 43 3
3 44 17
3 45 34
3 46 74
3 47 6
3 48 85
3 49 77
3 50 39
3 51 79
3 52 97
3 53 63
3 54 33
3 55 33
3 56 16
3 57 82
3 58 74
3 59 49
3 60 70
3 61 36
3 62 75
3 63 4
3 64 10
3 65 8
3 66 6
3 67 10
3 68 63
3 69 46
3 70 30
3 71 29
3 72 96
4 5 56
4 6 84
4 7 64
4 8 41
4 9 57
4 10 70
4 11 25
4 12 85
4 13 60
4 14 3
4 15 82
4 16 22
4 17 88
4 18 14
4 19 90
4 20 69
4 21 87
4 22 38
4 23 38
4 24 74
4 25 65
4 26 94
4 27 36
4 28 24
4 29 99
4 30 45
4 31 86
4 32 97
4 33 26
4 34 67
4 35 44
4 36 81
4 37 50
4 38 8
4 39 73
4 40 6
4 41 77
4 42 98
4 43 42
4 44 88
4 45 52
4 46 23
4 47 9
4 48 39
4 49 89
4 50 98
4 51 8
4 52 75
4 53 88
4 54 97
4 55 49
4 56 52
4 57 90
4 58 36
4 59 27
4 60 41
4 61 80
4 62 12
4 63 89
4 64 5
4 65 30
4 66 32
4 67 38
4 68 79
4 69 39
4 70 10
4 71 36
4 72 67
5 6 59
5 7 78
5 8 54
5 9 11
5 10 52
5 11 15
5 12 1
5 13 40
5 14 64
5 15 8
5 16 15
5 17 3
5 18 57
5 19 15
5 20 54
5 21 46
5 22 2
5 23 32
5 24 38
5 25 81
5 26 44
5 27 26
5 28 37
5 29 73
5 30 10
5 31 26
5 32 4
5 33 48
5 34 88
5 35 39
5 36 67
5 37 46
5 38 68
5 39 72
5 40 8
5 41 20
5 42 38
5 43 9
5 44 59
5 45 2
5 46 68
5 47 25
5 48 4
5 49 24
5 50 91
5 51 10
5 52 22
5 53 92
5 54 41
5 55 59
5 56 24
5 57 36
5 58 37
5 59 61
5 60 61
5 61 46
5 62 38
5 63 64
5 64 45
5 65 25
5 66 54
5 67 11
5 68 71
5 69 22
5 70 35
5 71 78
5 72 93
6 7 72
6 8 86
6 9 51
6 10 25
6 11 54
6 12 28
6 13 29
6 14 29
6 15 18
6 16 90
6 17 50
6 18 62
6 19 30
6 20 61
6 21 85
6 22 66
6 23 97
6 24 45
6 25 78
6 26 42
6 27 83
6 28 41
6 29 38
6 30 59
6 31 46
6 32 49
6 33 29
6 34 19
6 35 35
6 36 59
6 37 11
6 38 6
6 39 44
6 40 62
6 41 31
6 42 49
6 43 89
6 44 11
6 45 78
6 46 58
6 47 100
6 48 79
6 49 19
6 50 81
6 51 39
6 52 4
6 53 98
6 54 35
6 55 100
6 56 75
6 57 28
6 58 34
6 59 67
6 60 66
6 61 93
6 62 13
6 63 66
6 64 73
6 65 31
6 66 100
6 67 31
6 68 42
6 69 57
6 70 27
6 71 55
6 72 39
7 8 75
7 9 95
7 10 49
7 11 4
7 12 4
7 13 100
7 14 83
7 15 23
7 16 81
7 17 73
7 18 78
7 19 78
7 20 8
7 21 29
7 22 5
7 23 87
7 24 63
7 25 71
7 26 52
7 27 7
7 28 35
7 29 69
7 30 79
7 31 66
7 32 20
7 33 62
7 34 59
7 35 77
7 36 88
7 37 65
7 38 67
7 39 14
7 40 11
7 41 68
7 42 70
7 43 14
7 44 67
7 45 52
7 46 88
7 47 99
7 48 76
7 49 65
7 50 29
7 51 83
7 52 94
7 53 33
7 54 70
7 55 8
7 56 55
7 57 73
7 58 66
7 59 90
7 60 42
7 61 44
7 62 7
7 63 13
7 64 57
7 65 65
7 66 89
7 67 44
7 68 81
7 69 8
7 70 58
7 71 91
7 72 75
8 9 79
8 10 4
8 11 93
8 12 82
8 13 92
8 14 44
8 15 57
8 16 8
8 17 72
8 18 40
8 19 53
8 20 56
8 21 61
8 22 12
8 23 10
8 24 85
8 25 77
8 26 51
8 27 78
8 28 73
8 29 57
8 30 91
8 31 29
8 32 73
8 33 31
8 34 73
8 35 53
8 36 38
8 37 82
8 38 43
8 39 64
8 40 60
8 41 99
8 42 57
8 43 41
8 44 90
8 45 100
8 46 97
8 47 49
8 48 23
8 49 88
8 50 2
8 51 30
8 52 100
8 53 13
8 54 91
8 55 85
8 56 42
8 57 42
8 58 14
8 59 14
8 60 98
8 61 4
8 62 42
8 63 23
8 64 87
8 65 14
8 66 75
8 67 24
8 68 47
8 69 70
8 70 40
8 71 58
8 72 68
9 10 96
9 11 98
9 12 9
9 13 47
9 14 47
9 15 57
9 16 21
9 17 34
9 18 10
9 19 50
9 20 86
9 21 75
9 22 40
9 23 22
9 24 16
9 25 81
9 26 35
9 27 29
9 28 31
9 29 91
9 30 70
9 31 53
9 32 77
9 33 36
9 34 79
9 35 52
9 36 34
9 37 48
9 38 91
9 39 92
9 40 15
9 41 38
9 42 89
9 43 23
9 44 84
9 45 87
9 46 80
9 47 56
9 48 21
9 49 41
9 50 5
9 51 58
9 52 15
9 53 97
9 54 79
9 55 30
9 56 29
9 57 13
9 58 10
9 59 59
9 60 3
9 61 80
9 62 63
9 63 79
9 64 67
9 65 42
9 66 31
9 67 100
9 68 89
9 69 73
9 70 91
9 71 4
9 72 11
10 11 32
10 12 78
10 13 46
10 14 18
10 15 9
10 16 2
10 17 90
10 18 50
10 19 58
10 20 47
10 21 64
10 22 54
10 23 25
10 24 46
10 25 83
10 26 90
10 27 55
10 28 93
10 29 92
10 30 86
10 31 56
10 32 23
10 33 52
10 34 97
10 35 5
10 36 4
10 37 37
10 38 77
10 39 46
10 40 92
10 41 39
10 42 77
10 43 70
10 44 85
10 45 47
10 46 78
10 47 38
10 48 88
10 49 27
10 50 47
10 51 35
10 52 43
10 53 1
10 54 11
10 55 88
10 56 35
10 57 52
10 58 42
10 59 27
10 60 44
10 61 80
10 62 34
10 63 18
10 64 31
10 65 82
10 66 22
10 67 86
10 68 19
10 69 50
10 70 32
10 71 10
10 72 89
11 12 60
11 13 79
11 14 25
11 15 58
11 16 57
11 17 14
11 18 46
11 19 35
11 20 60
11 21 32
11 22 77
11 23 12
11 24 94
11 25 64
11 26 46
11 27 46
11 28 58
11 29 73
11 30 41
11 31 37
11 32 58
11 33 58
11 34 19
11 35 40
11 36 31
11 37 57
11 38 10
11 39 80
11 40 40
11 41 19
11 42 20
11 43 99
11 44 50
11 45 96
11 46 9
11 47 58
11 48 9
11 49 6
11 50 92
11 51 69
11 52 37
11 53 21
11 54 80
11 55 82
11 56 36
11 57 78
11 58 27
11 59 93
11 60 2
11 61 67
11 62 81
11 63 59
11 64 76
11 65 52
11 66 98
11 67 6
11 68 8
11 69 7
11 70 38
11 71 47
11 72 78
12 13 57
12 14 97
12 15 79
12 16 5
12 17 57
12 18 36
12 19 13
12 20 62
12 21 79
12 22 33
12 23 98
12 24 99
12 25 13
12 26 80
12 27 35
12 28 42
12 29 58
12 30 79
12 31 43
12 32 77
12 33 60
12 34 1
12 35 52
12 36 63
12 37 51
12 38 10
12 39 22
12 40 9
12 41 99
12 42 20
12 43 86
12 44 55
12 45 16
12 46 64
12 47 59
12 48 73
12 49 51
12 50 24
12 51 86
12 52 30
12 53 56
12 54 84
12 55 80
12 56 20
12 57 15
12 58 14
12 59 61
12 60 24
12 61 93
12 62 3
12 63 100
12 64 4
12 65 56
12 66 4
12 67 18
12 68 58
12 69 65
12 70 39
12 71 66
12 72 63
13 14 58
13 15 4
13 16 69
13 17 25
13 18 19
13 19 80
13 20 49
13 21 70
13 22 3
13 23 35
13 24 51
13 25 10
13 26 70
13 27 30
13 28 30
13 29 36
13 30 96
13 31 42
13 32 59
13 33 40
13 34 97
13 35 11
13 36 43
13 37 52
13 38 14
13 39 12
13 40 9
13 41 78
13 42 50
13 43 26
13 44 92
13 45 7
13 46 29
13 47 60
13 48 83
13 49 100
13 50 39
13 51 32
13 52 21
13 53 41
13 54 66
13 55 71
13 56 51
13 57 87
13 58 52
13 59 32
13 60 22
13 61 47
13 62 73
13 63 80
13 64 86
13 65 69
13 66 90
13 67 80
13 68 72
13 69 55
13 70 91
13 71 32
13 72 32
14 15 40
14 16 58
14 17 23
14 18 98
14 19 38
14 20 35
14 21 81
14 22 37
14 23 73
14 24 64
14 25 57
14 26 66
14 27 81
14 28 79
14 29 68
14 30 67
14 31 31
14 32 99
14 33 88
14 34 77
14 35 23
14 36 67
14 37 15
14 38 44
14 39 9
14 40 94
14 41 67
14 42 63
14 43 85
14 44 99
14 45 47
14 46 24
14 47 56
14 48 21
14 49 74
14 50 45
14 51 55
14 52 6
14 53 34
14 54 28
14 55 69
14 56 42
14 57 45
14 58 49
14 59 21
14 60 12
14 61 67
14 62 3
14 63 62
14 64 54
14 65 79
14 66 36
14 67 72
14 68 93
14 69 79
14 70 80
14 71 39
14 72 46
15 16 95
15 17 23
15 18 96
15 19 41
15 20 98
15 21 3
15 22 61
15 23 71
15 24 47
15 25 68
15 26 76
15 27 80
15 28 47
15 29 96
15 30 22
15 31 91
15 32 44
15 33 94
15 34 54
15 35 10
15 36 96
15 37 15
15 38 15
15 39 26
15 40 2
15 41 87
15 42 71
15 43 33
15 44 18
15 45 9
15 46 30
15 47 64
15 48 31
15 49 25
15 50 4
15 51 80
15 52 27
15 53 17
15 54 51
15 55 25
15 56 36
15 57 78
15 58 57
15 59 82
15 60 74
15 61 30
15 62 72
15 63 69
15 64 23
15 65 77
15 66 31
15 67 70
15 68 43
15 69 97
15 70 95
15 71 44
15 72 35
16 17 65
16 18 76
16 19 53
16 20 25
16 21 5
16 22 68
16 23 7
16 24 81
16 25 72
16 26 87
16 27 7
16 28 40
16 29 89
16 30 32
16 31 75
16 32 18
16 33 40
16 34 8
16 35 43
16 36 69
16 37 31
16 38 12
16 39 91
16 40 7
16 41 94
16 42 60
16 43 49
16 44 90
16 45 6
16 46 92
16 47 25
16 48 23
16 49 20
16 50 29
16 51 47
16 52 76
16 53 96
16 54 6
16 55 57
16 56 19
16 57 92
16 58 15
16 59 10
16 60 32
16 61 98
16 62 36
16 63 49
16 64 37
16 65 43
16 66 92
16 67 5
16 68 73
16 69 55
16 70 47
16 71 31
16 72 100
17 18 58
17 19 79
17 20 89
17 21 64
17 22 23
17 23 65
17 24 38
17 25 42
17 26 45
17 27 36
17 28 69
17 29 41
17 30 41
17 31 25
17 32 11
17 33 84
17 34 92
17 35 73
17 36 15
17 37 89
17 38 8
17 39 16
17 40 26
17 41 3
17 42 7
17 43 82
17 44 75
17 45 13
17 46 29
17 47 6
17 48 12
17 49 86
17 50 36
17 51 52
17 52 1
17 53 58
17 54 69
17 55 38
17 56 51
17 57 13
17 58 26
17 59 72
17 60 5
17 61 66
17 62 96
17 63 16
17 64 50
17 65 39
17 66 40
17 67 16
17 68 28
17 69 47
17 70 31
17 71 5
17 72 49
18 19 89
18 20 86
18 21 76
18 22 53
18 23 14
18 24 33
18 25 64
18 26 52
18 27 68
18 28 68
18 29 4
18 30 78
18 31 36
18 32 94
18 33 80
18 34 48
18 35 19
18 36 51
18 37 53
18 38 84
18 39 99
18 40 20
18 41 85
18 42 37
18 43 59
18 44 53
18 45 64
18 46 57
18 47 35
18 48 68
18 49 6
18 50 76
18 51 6
18 52 81
18 53 28
18 54 71
18 55 65
18 56 44
18 57 22
18 58 32
18 59 11
18 60 78
18 61 61
18 62 46
18 63 71
18 64 41
18 65 93
18 66 89
18 67 91
18 68 97
18 69 72
18 70 41
18 71 68
18 72 9
19 20 78
19 21 26
19 22 61
19 23 93
19 24 35
19 25 47
19 26 61
19 27 40
19 28 22
19 29 18
19 30 72
19 31 50
19 32 88
19 33 36
19 34 93
19 35 62
19 36 19
19 37 55
19 38 39
19 39 80
19 40 100
19 41 9
19 42 72
19 43 92
19 44 49
19 45 14
19 46 41
19 47 72
19 48 55
19 49 8
19 50 80
19 51 32
19 52 86
19 53 92
19 54 24
19 55 20
19 56 39
19 57 36
19 58 59
19 59 12
19 60 53
19 61 82
19 62 13
19 63 93
19 64 69
19 65 57
19 66 54
19 67 87
19 68 11
19 69 92
19 70 18
19 71 10
19 72 52
20 21 89
20 22 54
20 23 100
20 24 3
20 25 94
20 26 71
20 27 57
20 28 1
20 29 3
20 30 40
20 31 38
20 32 94
20 33 63
20 34 57
20 35 84
20 36 51
20 37 67
20 38 48
20 39 55
20 40 48
20 41 60
20 42 47
20 43 16
20 44 69
20 45 52
20 46 55
20 47 79
20 48 95
20 49 72
20 50 41
20 51 46
20 52 13
20 53 94
20 54 97
20 55 15
20 56 39
20 57 20
20 58 23
20 59 91
20 60 22
20 61 14
20 62 29
20 63 67
20 64 28
20 65 37
20 66 3
20 67 78
20 68 4
20 69 50
20 70 33
20 71 3
20 72 61
21 22 31
21 23 71
21 24 29
21 25 83
21 26 25
21 27 60
21 28 77
21 29 48
21 30 100
21 31 75
21 32 60
21 33 45
21 34 71
21 35 26
21 36 35
21 37 90
21 38 48
21 39 25
21 40 63
21 41 13
21 42 5
21 43 30
21 44 41
21 45 42
21 46 84
21 47 18
21 48 45
21 49 85
21 50 2
21 51 99
21 52 45
21 53 33
21 54 69
21 55 26
21 56 15
21 57 93
21 58 37
21 59 43
21 60 41
21 61 88
21 62 17
21 63 52
21 64 84
21 65 88
21 66 78
21 67 18
21 68 29
21 69 77
21 70 94
21 71 92
21 72 90
22 23 99
22 24 73
22 25 30
22 26 40
22 27 56
22 28 99
22 29 36
22 30 40
22 31 1
22 32 86
22 33 36
22 34 85
22 35 55
22 36 13
22 37 51
22 38 99
22 39 49
22 40 93
22 41 91
22 42 88
22 43 10
22 44 43
22 45 71
22 46 49
22 47 20
22 48 88
22 49 29
22 50 48
22 51 82
22 52 20
22 53 37
22 54 32
22 55 44
22 56 66
22 57 23
22 58 99
22 59 17
22 60 58
22 61 90
22 62 17
22 63 95
22 64 78
22 65 1
22 66 49
22 67 90
22 68 51
22 69 48
22 70 91
22 71 95
22 72 38
23 24 78
23 25 4
23 26 32
23 27 49
23 28 4
23 29 51
23 30 88
23 31 33
23 32 51
23 33 69
23 34 4
23 35 87
23 36 100
23 37 48
23 38 5
23 39 22
23 40 98
23 41 21
23 42 31
23 43 40
23 44 89
23 45 26
23 46 17
23 47 89
23 48 26
23 49 58
23 50 91
23 51 25
23 52 48
23 53 85
23 54 15
23 55 26
23 56 89
23 57 46
23 58 26
23 59 44
23 60 49
23 61 13
23 62 76
23 63 99
23 64 82
23 65 32
23 66 37
23 67 33
23 68 31
23 69 93
23 70 7
23 71 28
23 72 13
24 25 89
24 26 19
24 27 1
24 28 66
24 29 35
24 30 41
24 31 44
24 32 93
24 33 31
24 34 68
24 35 92
24 36 16
24 37 34
24 38 17
24 39 56
24 40 80
24 41 42
24 42 99
24 43 80
24 44 7
24 45 27
24 46 30
24 47 40
24 48 58
24 49 66
24 50 24
24 51 40
24 52 59
24 53 30
24 54 67
24 55 23
24 56 71
24 57 38
24 58 76
24 59 36
24 60 72
24 61 16
24 62 79
24 63 16
24 64 47
24 65 99
24 66 8
24 67 62
24 68 32
24 69 76
24 70 69
24 71 63
24 72 70
25 26 67
25 27 42
25 28 76
25 29 45
25 30 23
25 31 67
25 32 54
25 33 41
25 34 90
25 35 93
25 36 51
25 37 20
25 38 12
25 39 73
25 40 42
25 41 49
25 42 48
25 43 77
25 44 20
25 45 16
25 46 8
25 47 88
25 48 62
25 49 6
25 50 47
25 51 75
25 52 37
25 53 74
25 54 43
25 55 100
25 56 43
25 57 61
25 58 93
25 59 70
25 60 6
25 61 16
25 62 36
25 63 59
25 64 8
25 65 26
25 66 52
25 67 58
25 68 97
25 69 63
25 70 82
25 71 38
25 72 11
26 27 82
26 28 66
26 29 82
26 30 97
26 31 73
26 32 21
26 33 58
26 34 78
26 35 67
26 36 84
26 37 67
26 38 41
26 39 26
26 40 18
26 41 35
26 42 86
26 43 62
26 44 57
26 45 43
26 46 77
26 47 92
26 48 2
26 49 36
26 50 69
26 51 53
26 52 93
26 53 17
26 54 67
26 55 75
26 56 6
26 57 29
26 58 8
26 59 72
26 60 62
26 61 4
26 62 44
26 63 83
26 64 13
26 65 74
26 66 1
26 67 96
26 68 92
26 69 93
26 70 73
26 71 61
26 72 28
27 28 10
27 29 22
27 30 36
27 31 53
27 32 51
27 33 27
27 34 54
27 35 86
27 36 48
27 37 58
27 38 79
27 39 16
27 40 76
27 41 5
27 42 22
27 43 4
27 44 12
27 45 93
27 46 65
27 47 67
27 48 88
27 49 99
27 50 79
27 51 13
27 52 100
27 53 26
27 54 56
27 55 44
27 56 98
27 57 16
27 58 23
27 59 59
27 60 38
27 61 58
27 62 11
27 63 88
27 64 37
27 65 16
27 66 73
27 67 84
27 68 25
27 69 3
27 70 99
27 71 100
27 72 59
28 29 72
28 30 55
28 31 70
28 32 64
28 33 20
28 34 36
28 35 4
28 36 70
28 37 66
28 38 16
28 39 21
28 40 91
28 41 72
28 42 65
28 43 40
28 44 87
28 45 87
28 46 99
28 47 76
28 48 97
28 49 61
28 50 63
28 51 33
28 52 77
28 53 88
28 54 68
28 55 1
28 56 90
28 57 66
28 58 1
28 59 49
28 60 38
28 61 55
28 62 70
28 63 53
28 64 26
28 65 58
28 66 56
28 67 48
28 68 75
28 69 24
28 70 68
28 71 66
28 72 47
29 30 84
29 31 57
29 32 85
29 33 23
29 34 55
29 35 61
29 36 19
29 37 16
29 38 75
29 39 51
29 40 44
29 41 62
29 42 18
29 43 96
29 44 4
29 45 35
29 46 48
29 47 4
29 48 24
29 49 55
29 50 73
29 51 29
29 52 80
29 53 82
29 54 84
29 55 79
29 56 57
29 57 59
29 58 99
29 59 74
29 60 5
29 61 82
29 62 30
29 63 90
29 64 56
29 65 37
29 66 50
29 67 74
29 68 4
29 69 76
29 70 76
29 71 47
29 72 38
30 31 45
30 32 42
30 33 41
30 34 32
30 35 90
30 36 44
30 37 7
30 38 44
30 39 68
30 40 35
30 41 75
30 42 50
30 43 71
30 44 6
30 45 58
30 46 29
30 47 4
30 48 31
30 49 34
30 50 37
30 51 12
30 52 75
30 53 93
30 54 48
30 55 76
30 56 18
30 57 51
30 58 51
30 59 46
30 60 49
30 61 88
30 62 42
30 63 91
30 64 80
30 65 73
30 66 32
30 67 23
30 68 80
30 69 27
30 70 43
30 71 66
30 72 1
31 32 44
31 33 36
31 34 58
31 35 1
31 36 65
31 37 61
31 38 83
31 39 98
31 40 98
31 41 46
31 42 72
31 43 90
31 44 94
31 45 47
31 46 59
31 47 96
31 48 97
31 49 4
31 50 45
31 51 37
31 52 46
31 53 87
31 54 16
31 55 70
31 56 18
31 57 91
31 58 1
31 59 44
31 60 33
31 61 67
31 62 96
31 63 76
31 64 2
31 65 54
31 66 28
31 67 66
31 68 66
31 69 62
31 70 15
31 71 63
31 72 7
32 33 38
32 34 4
32 35 52
32 36 84
32 37 63
32 38 48
32 39 33
32 40 18
32 41 92
32 42 21
32 43 15
32 44 30
32 45 88
32 46 85
32 47 47
32 48 78
32 49 85
32 50 42
32 51 62
32 52 51
32 53 89
32 54 89
32 55 53
32 56 94
32 57 16
32 58 70
32 59 60
32 60 29
32 61 85
32 62 74
32 63 88
32 64 22
32 65 78
32 66 39
32 67 58
32 68 92
32 69 86
32 70 42
32 71 61
32 72 29
33 34 14
33 35 76
33 36 58
33 37 1
33 38 12
33 39 56
33 40 79
33 41 96
33 42 49
33 43 92
33 44 99
33 45 38
33 46 81
33 47 3
33 48 83
33 49 48
33 50 24
33 51 42
33 52 77
33 53 8
33 54 68
33 55 64
33 56 82
33 57 97
33 58 54
33 59 91
33 60 40
33 61 92
33 62 84
33 63 100
33 64 20
33 65 97
33 66 27
33 67 30
33 68 49
33 69 38
33 70 37
33 71 27
33 72 86
34 35 86
34 36 71
34 37 36
34 38 75
34 39 51
34 40 38
34 41 57
34 42 98
34 43 61
34 44 51
34 45 26
34 46 21
34 47 70
34 48 89
34 49 2
34 50 66
34 51 43
34 52 44
34 53 5
34 54 34
34 55 27
34 56 56
34 57 5
34 58 75
34 59 83
34 60 86
34 61 23
34 62 72
34 63 23
34 64 2
34 65 9
34 66 60
34 67 72
34 68 44
34 69 34
34 70 22
34 71 81
34 72 42
35 36 71
35 37 94
35 38 44
35 39 97
35 40 14
35 41 13
35 42 37
35 43 67
35 44 78
35 45 79
35 46 62
35 47 34
35 48 64
35 49 88
35 50 90
35 51 21
35 52 14
35 53 24
35 54 6
35 55 36
35 56 47
35 57 80
35 58 89
35 59 56
35 60 39
35 61 60
35 62 99
35 63 24
35 64 33
35 65 32
35 66 18
35 67 56
35 68 25
35 69 61
35 70 52
35 71 38
35 72 26
36 37 88
36 38 56
36 39 55
36 40 19
36 41 17
36 42 89
36 43 34
36 44 56
36 45 30
36 46 54
36 47 69
36 48 53
36 49 12
36 50 56
36 51 51
36 52 91
36 53 45
36 54 6
36 55 82
36 56 56
36 57 5
36 58 57
36 59 41
36 60 36
36 61 74
36 62 96
36 63 12
36 64 87
36 65 99
36 66 49
36 67 12
36 68 38
36 69 4
36 70 66
36 71 8
36 72 72
37 38 6
37 39 42
37 40 27
37 41 35
37 42 47
37 43 95
37 44 39
37 45 58
37 46 2
37 47 90
37 48 1
37 49 46
37 50 47
37 51 34
37 52 54
37 53 51
37 54 90
37 55 94
37 56 38
37 57 16
37 58 41
37 59 49
37 60 54
37 61 91
37 62 49
37 63 65
37 64 28
37 65 4
37 66 82
37 67 36
37 68 75
37 69 40
37 70 77
37 71 53
37 72 74
38 39 75
38 40 47
38 41 65
38 42 33
38 43 1
38 44 54
38 45 85
38 46 46
38 47 52
38 48 18
38 49 51
38 50 55
38 51 7
38 52 96
38 53 92
38 54 22
38 55 36
38 56 93
38 57 75
38 58 26
38 59 93
38 60 91
38 61 6
38 62 49
38 63 25
38 64 41
38 65 23
38 66 16
38 67 69
38 68 28
38 69 89
38 70 43
38 71 74
38 72 5
39 40 27
39 41 26
39 42 10
39 43 11
39 44 72
39 45 62
39 46 28
39 47 74
39 48 16
39 49 87
39 50 70
39 51 59
39 52 60
39 53 57
39 54 51
39 55 87
39 56 83
39 57 96
39 58 29
39 59 40
39 60 44
39 61 53
39 62 80
39 63 18
39 64 68
39 65 48
39 66 45
39 67 9
39 68 42
39 69 71
39 70 65
39 71 69
39 72 96
40 41 75
40 42 31
40 43 19
40 44 36
40 45 11
40 46 93
40 47 51
40 48 97
40 49 62
40 50 9
40 51 56
40 52 70
40 53 12
40 54 94
40 55 4
40 56 7
40 57 23
40 58 43
40 59 2
40 60 27
40 61 22
40 62 19
40 63 95
40 64 21
40 65 64
40 66 55
40 67 63
40 68 34
40 69 19
40 70 83
40 71 81
40 72 93
41 42 65
41 43 100
41 44 80
41 45 75
41 46 92
41 47 82
41 48 23
41 49 5
41 50 91
41 51 31
41 52 74
41 53 54
41 54 24
41 55 78
41 56 12
41 57 46
41 58 20
41 59 13
41 60 73
41 61 94
41 62 31
41 63 19
41 64 14
41 65 46
41 66 25
41 67 28
41 68 31
41 69 43
41 70 62
41 71 12
41 72 88
42 43 79
42 44 11
42 45 19
42 46 53
42 47 54
42 48 1
42 49 76
42 50 10
42 51 91
42 52 6
42 53 35
42 54 96
42 55 29
42 56 64
42 57 7
42 58 27
42 59 36
42 60 19
42 61 99
42 62 29
42 63 1
42 64 17
42 65 94
42 66 47
42 67 41
42 68 74
42 69 77
42 70 35
42 71 87
42 72 88
43 44 74
43 45 65
43 46 50
43 47 93
43 48 18
43 49 3
43 50 93
43 51 45
43 52 64
43 53 35
43 54 2
43 55 99
43 56 30
43 57 82
43 58 62
43 59 88
43 60 8
43 61 49
43 62 6
43 63 58
43 64 77
43 65 6
43 66 26
43 67 23
43 68 4
43 69 66
43 70 96
43 71 81
43 72 53
44 45 82
44 46 68
44 47 78
44 48 47
44 49 70
44 50 70
44 51 16
44 52 24
44 53 14
44 54 60
44 55 88
44 56 100
44 57 13
44 58 38
44 59 81
44 60 94
44 61 51
44 62 68
44 63 54
44 64 100
44 65 25
44 66 11
44 67 28
44 68 83
44 69 37
44 70 50
44 71 86
44 72 54
45 46 45
45 47 66
45 48 6
45 49 79
45 50 86
45 51 36
45 52 25
45 53 55
45 54 5
45 55 92
45 56 78
45 57 71
45 58 3
45 59 17
45 60 70
45 61 15
45 62 54
45 63 3
45 64 8
45 65 57
45 66 70
45 67 61
45 68 56
45 69 47
45 70 24
45 71 83
45 72 29
46 47 60
46 48 33
46 49 14
46 50 13
46 51 29
46 52 32
46 53 71
46 54 7
46 55 17
46 56 6
46 57 83
46 58 23
46 59 62
46 60 74
46 61 100
46 62 32
46 63 76
46 64 17
46 65 54
46 66 90
46 67 22
46 68 56
46 69 50
46 70 78
46 71 77
46 72 62
47 48 85
47 49 23
47 50 85
47 51 68
47 52 3
47 53 44
47 54 52
47 55 17
47 56 9
47 57 80
47 58 48
47 59 79
47 60 39
47 61 16
47 62 36
47 63 21
47 64 38
47 65 97
47 66 95
47 67 89
47 68 81
47 69 22
47 70 57
47 71 34
47 72 64
48 49 31
48 50 41
48 51 13
48 52 8
48 53 69
48 54 74
48 55 93
48 56 92
48 57 11
48 58 12
48 59 94
48 60 6
48 61 15
48 62 62
48 63 14
48 64 46
48 65 61
48 66 44
48 67 84
48 68 28
48 69 79
48 70 57
48 71 65
48 72 76
49 50 3
49 51 6
49 52 8
49 53 24
49 54 62
49 55 93
49 56 87
49 57 92
49 58 33
49 59 51
49 60 52
49 61 1
49 62 77
49 63 96
49 64 44
49 65 87
49 66 59
49 67 90
49 68 92
49 69 73
49 70 3
49 71 58
49 72 18
50 51 16
50 52 1
50 53 2
50 54 43
50 55 80
50 56 58
50 57 60
50 58 7
50 59 12
50 60 65
50 61 14
50 62 35
50 63 78
50 64 6
50 65 22
50 66 22
50 67 90
50 68 24
50 69 25
50 70 42
50 71 100
50 72 20
51 52 38
51 53 86
51 54 78
51 55 79
51 56 30
51 57 2
51 58 81
51 59 87
51 60 19
51 61 96
51 62 87
51 63 72
51 64 91
51 65 18
51 66 81
51 67 50
51 68 76
51 69 92
51 70 66
51 71 41
51 72 27
52 53 43
52 54 98
52 55 100
52 56 16
52 57 87
52 58 23
52 59 40
52 60 81
52 61 23
52 62 11
52 63 18
52 64 60
52 65 40
52 66 48
52 67 89
52 68 41
52 69 28
52 70 75
52 71 60
52 72 76
53 54 14
53 55 83
53 56 66
53 57 31
53 58 64
53 59 15
53 60 59
53 61 7
53 62 80
53 63 99
53 64 33
53 65 74
53 66 97
53 67 84
53 68 90
53 69 35
53 70 59
53 71 81
53 72 15
54 55 33
54 56 92
54 57 84
54 58 92
54 59 31
54 60 31
54 61 81
54 62 72
54 63 11
54 64 7
54 65 83
54 66 86
54 67 20
54 68 65
54 69 51
54 70 3
54 71 80
54 72 17
55 56 61
55 57 87
55 58 48
55 59 59
55 60 71
55 61 21
55 62 7
55 63 7
55 64 62
55 65 42
55 66 65
55 67 95
55 68 56
55 69 97
55 70 86
55 71 92
55 72 40
56 57 68
56 58 74
56 59 72
56 60 91
56 61 84
56 62 79
56 63 25
56 64 69
56 65 50
56 66 42
56 67 71
56 68 4
56 69 21
56 70 87
56 71 16
56 72 59
57 58 34
57 59 75
57 60 30
57 61 7
57 62 33
57 63 88
57 64 20
57 65 74
57 66 52
57 67 14
57 68 82
57 69 100
57 70 99
57 71 73
57 72 91
58 59 19
58 60 46
58 61 63
58 62 9
58 63 30
58 64 93
58 65 34
58 66 50
58 67 94
58 68 27
58 69 21
58 70 98
58 71 47
58 72 59
59 60 13
59 61 58
59 62 45
59 63 39
59 64 39
59 65 51
59 66 72
59 67 26
59 68 22
59 69 45
59 70 29
59 71 36
59 72 78
60 61 80
60 62 86
60 63 50
60 64 70
60 65 4
60 66 48
60 67 32
60 68 65
60 69 29
60 70 76
60 71 98
60 72 30
61 62 70
61 63 24
61 64 50
61 65 19
61 66 22
61 67 61
61 68 31
61 69 31
61 70 5
61 71 22
61 72 69
62 63 7
62 64 93
62 65 94
62 66 28
62 67 89
62 68 22
62 69 15
62 70 67
62 71 1
62 72 1
63 64 68
63 65 23
63 66 4
63 67 67
63 68 6
63 69 68
63 70 95
63 71 82
63 72 17
64 65 25
64 66 51
64 67 92
64 68 26
64 69 21
64 70 66
64 71 38
64 72 51
65 66 96
65 67 42
65 68 24
65 69 65
65 70 100
65 71 16
65 72 10
66 67 80
66 68 57
66 69 84
66 70 94
66 71 75
66 72 84
67 68 46
67 69 42
67 70 58
67 71 50
67 72 9
68 69 64
68 70 69
68 71 55
68 72 45
69 70 86
69 71 31
69 72 47
70 71 29
70 72 57
71 72 67
