0 1 74
0 2 38
0 3 97
0 4 69
0 5 76
0 6 51
0 7 2
0 8 64
0 9 38
0 10 97
0 11 23
0 12 83
0 13 69
0 14 49
0 15 73
0 16 69
0 17 60
0 18 27
0 19 51
0 20 87
0 21 7
0 22 37
0 23 82
0 24 64
0 25 70
0 26 48
0 27 87
0 28 45
1 2 47
1 3 8
1 4 43
1 5 20
1 6 97
1 7 92
1 8 40
1 9 73
1 10 94
1 11 41
1 12 88
1 13 31
1 14 38
1 15 62
1 16 65
1 17 58
1 18 62
1 19 38
1 20 26
1 21 21
1 22 16
1 23 76
1 24 59
1 25 74
1 26 64
1 27 41
1 28 89
2 3 33
2 4 40
2 5 76
2 6 30
2 7 38
2 8 35
2 9 24
2 10 57
2 11 32
2 12 15
2 13 48
2 14 56
2 15 60
2 16 89
2 17 95
2 18 90
2 19 78
2 20 9
2 21 55
2 22 35
2 23 70
2 24 44
2 25 60
2 26 91
2 27 11
2 28 35
3 4 49
3 5 84
3 6 50
3 7 41
3 8 72
3 9 83
3 10 32
3 11 47
3 12 64
3 13 69
3 14 34
3 15 39
3 16 77
3 17 65
3 18 54
3 19 25
3 20 72
3 21 13
3 22 13
3 23 18
3 24 55
3 25 90
3 26 26
3 27 9
3 28 76
4 5 96
4 6 4
4 7 35
4 8 38
4 9 14
4 10 21
4 11 86
4 12 97
4 13 70
4 14 79
4 15 20
4 16 4
4 17 10
4 18 19
4 19 19
4 20 79
4 21 52
4 22 58
4 23 7
4 24 68
4 25 63
4 26 31
4 27 91
4 28 27
5 6 43
5 7 8
5 8 81
5 9 84
5 10 34
5 11 41
5 12 11
5 13 81
5 14 44
5 15 97
5 16 18
5 17 9
5 18 17
5 19 3
5 20 57
5 21 39
5 22 81
5 23 77
5 24 94
5 25 43
5 26 47
5 27 65
5 28 73
6 7 50
6 8 74
6 9 79
6 10 69
6 11 36
6 12 10
6 13 59
6 14 14
6 15 4
6 16 18
6 17 95
6 18 40
6 19 51
6 20 87
6 21 50
6 22 83
6 23 83
6 24 47
6 25 100
6 26 91
6 27 15
6 28 55
7 8 48
7 9 5
7 10 87
7 11 76
7 12 99
7 13 29
7 14 22
7 15 15
7 16 53
7 17 23
7 18 88
7 19 32
7 20 91
7 21 75
7 22 93
7 23 49
7 24 88
7 25 96
7 26 66
7 27 34
7 28 35
8 9 69
8 10 21
8 11 85
8 12 3
8 13 3
8 14 31
8 15 3
8 16 93
8 17 97
8 18 57
8 19 92
8 20 2
8 21 95
8 22 19
8 23 52
8 24 24
8 25 92
8 26 66
8 27 76
8 28 14
9 10 53
9 11 59
9 12 4
9 13 79
9 14 51
9 15 4
9 16 66
9 17 47
9 18 22
9 19 100
9 20 33
9 21 42
9 22 72
9 23 17
9 24 44
9 25 74
9 26 99
9 27 46
9 28 18
10 11 96
10 12 54
10 13 62
10 14 97
10 15 49
10 16 80
10 17 100
10 18 24
10 19 72
10 20 65
10 21 51
10 22 85
10 23 69
10 24 10
10 25 41
10 26 47
10 27 12
10 28 44
11 12 64
11 13 10
11 14 65
11 15 15
11 16 43
11 17 6
11 18 86
11 19 11
11 20 50
11 21 59
11 22 10
11 23 47
11 24 29
11 25 57
11 26 1
11 27 90
11 28 5
12 13 1
12 14 69
12 15 4
12 16 24
12 17 92
12 18 68
12 19 26
12 20 77
12 21 88
12 22 87
12 23 17
12 24 34
12 25 99
12 26 12
12 27 49
12 28 8
13 14 77
13 15 64
13 16 50
13 17 34
13 18 49
13 19 61
13 20 35
13 21 60
13 22 22
13 23 82
13 24 88
13 25 78
13 26 34
13 27 29
13 28 34
14 15 34
14 16 49
14 17 37
14 18 9
14 19 41
14 20 56
14 21 34
14 22 69
14 23 43
14 24 21
14 25 37
14 26 28
14 27 71
14 28 100
15 16 76
15 17 78
15 18 28
15 19 39
15 20 80
15 21 62
15 22 40
15 23 92
15 24 48
15 25 99
15 26 13
15 27 29
15 28 38
16 17 42
16 18 14
16 19 18
16 20 75
16 21 99
16 22 18
16 23 63
16 24 7
16 25 10
16 26 18
16 27 93
16 28 78
17 18 60
17 19 65
17 20 66
17 21 39
17 22 87
17 23 66
17 24 14
17 25 16
17 26 93
17 27 5
17 28 95
18 19 6
18 20 96
18 21 38
18 22 54
18 23 94
18 24 2
18 25 34
18 26 83
18 27 43
18 28 48
19 20 52
19 21 69
19 22 46
19 23 69
19 24 83
19 25 5
19 26 79
19 27 100
19 28 49
20 21 8
20 22 11
20 23 65
20 24 26
20 25 49
20 26 51
20 27 91
20 28 15
21 22 66
21 23 35
21 24 71
21 25 13
21 26 41
21 27 66
21 28 50
22 23 46
22 24 11
22 25 52
22 26 79
22 27 45
22 28 46
23 24 78
23 25 96
23 26 67
23 27 76
23 28 16
24 25 49
24 26 32
24 27 94
24 28 1
25 26 80
25 27 54
25 28 63
26 27 96
26 28 79
27 28 64
