0 3 21
0 5 21
0 9 18
1 2 14
1 4 22
1 5 26
2 3 34
2 6 13
3 10 27
4 6 5
4 8 42
5 6 10
7 9 26
7 10 6
7 17 15
8 10 26
8 15 16
9 12 11
11 12 1
11 13 30
11 14 7
12 14 24
13 15 42
13 16 31
14 16 6
15 20 34
16 18 23
17 18 6
17 22 3
18 19 11
19 20 41
19 21 9
20 21 27
21 22 40
22 25 1
23 24 6
23 26 38
23 27 12
24 26 49
24 27 6
25 26 39
25 29 16
27 28 40
28 30 39
28 31 29
29 30 26
29 34 21
30 31 36
31 33 28
32 34 6
32 35 44
32 40 4
33 40 46
33 48 34
34 35 1
35 36 5
36 37 47
36 38 10
37 38 32
37 39 12
38 39 2
39 41 14
40 42 19
41 46 50
41 48 16
42 43 6
42 45 19
43 46 3
43 47 24
44 48 49
44 49 38
44 50 48
45 46 25
45 47 38
47 49 5
49 50 48
50 54 23
51 52 36
51 56 45
51 61 50
52 53 50
52 56 26
53 54 10
53 59 42
54 55 26
55 57 29
55 62 39
56 58 41
57 59 43
57 60 1
58 60 50
58 62 9
59 62 37
