0 1 13
0 2 63
0 3 33
0 4 97
0 5 10
0 6 5
0 7 37
0 8 71
0 9 78
0 10 57
0 11 93
0 12 42
0 13 48
0 14 55
0 15 15
0 16 3
0 17 34
0 18 14
0 19 21
0 20 17
0 21 61
0 22 56
0 23 81
0 24 53
0 25 75
1 2 32
1 3 67
1 4 67
1 5 84
1 6 71
1 7 15
1 8 97
1 9 86
1 10 48
1 11 45
1 12 47
1 13 4
1 14 33
1 15 70
1 16 34
1 17 90
1 18 62
1 19 75
1 20 89
1 21 16
1 22 42
1 23 43
1 24 2
1 25 55
2 3 63
2 4 18
2 5 15
2 6 71
2 7 50
2 8 20
2 9 45
2 10 82
2 11 86
2 12 63
2 13 65
2 14 9
2 15 77
2 16 13
2 17 46
2 18 76
2 19 9
2 20 92
2 21 32
2 22 42
2 23 61
2 24 65
2 25 31
3 4 23
3 5 91
3 6 71
3 7 90
3 8 32
3 9 66
3 10 43
3 11 39
3 12 28
3 13 13
3 14 5
3 15 50
3 16 62
3 17 76
3 18 94
3 19 43
3 20 14
3 21 8
3 22 60
3 23 22
3 24 37
3 25 24
4 5 67
4 6 64
4 7 33
4 8 10
4 9 95
4 10 74
4 11 71
4 12 11
4 13 56
4 14 45
4 15 2
4 16 26
4 17 34
4 18 85
4 19 43
4 20 29
4 21 75
4 22 71
4 23 41
4 24 32
4 25 72
5 6 2
5 7 7
5 8 66
5 9 97
5 10 20
5 11 25
5 12 8
5 13 93
5 14 61
5 15 31
5 16 59
5 17 25
5 18 63
5 19 69
5 20 71
5 21 88
5 22 91
5 23 34
5 24 43
5 25 35
6 7 35
6 8 21
6 9 20
6 10 71
6 11 15
6 12 48
6 13 98
6 14 85
6 15 40
6 16 29
6 17 9
6 18 42
6 19 87
6 20 74
6 21 90
6 22 7
6 23 50
6 24 97
6 25 99
7 8 11
7 9 27
7 10 10
7 11 87
7 12 42
7 13 30
7 14 9
7 15 81
7 16 72
7 17 42
7 18 76
7 19 6
7 20 28
7 21 48
7 22 77
7 23 99
7 24 62
7 25 77
8 9 48
8 10 99
8 11 16
8 12 76
8 13 7
8 14 9
8 15 62
8 16 32
8 17 98
8 18 20
8 19 81
8 20 46
8 21 71
8 22 91
8 23 25
8 24 32
8 25 29
9 10 66
9 11 61
9 12 38
9 13 98
9 14 84
9 15 31
9 16 73
9 17 41
9 18 59
9 19 20
9 20 17
9 21 9
9 22 82
9 23 45
9 24 56
9 25 32
10 11 13
10 12 83
10 13 38
10 14 21
10 15 96
10 16 69
10 17 71
10 18 68
10 19 49
10 20 16
10 21 38
10 22 92
10 23 40
10 24 69
10 25 72
11 12 57
11 13 81
11 14 61
11 15 55
11 16 64
11 17 92
11 18 27
11 19 4
11 20 50
11 21 99
11 22 72
11 23 10
11 24 32
11 25 17
12 13 65
12 14 63
12 15 81
12 16 99
12 17 100
12 18 1
12 19 94
12 20 20
12 21 71
12 22 13
12 23 68
12 24 39
12 25 50
13 14 11
13 15 78
13 16 70
13 17 83
13 18 35
13 19 2
13 20 43
13 21 41
13 22 17
13 23 86
13 24 67
13 25 72
14 15 35
14 16 65
14 17 44
14 18 96
14 19 96
14 20 12
14 21 12
14 22 10
14 23 92
14 24 10
14 25 9
15 16 44
15 17 56
15 18 28
15 19 67
15 20 68
15 21 48
15 22 5
15 23 70
15 24 10
15 25 82
16 17 39
16 18 92
16 19 68
16 20 93
16 21 87
16 22 8
16 23 9
16 24 72
16 25 27
17 18 81
17 19 59
17 20 43
17 21 24
17 22 54
17 23 91
17 24 87
17 25 18
18 19 100
18 20 30
18 21 27
18 22 61
18 23 73
18 24 34
18 25 88
19 20 39
19 21 2
19 22 87
19 23 95
19 24 23
19 25 97
20 21 77
20 22 61
20 23 40
20 24 96
20 25 53
21 22 78
21 23 56
21 24 14
21 25 50
22 23 34
22 24 94
22 25 60
23 24 76
23 25 69
24 25 65
