0 1 23
0 2 86
0 3 22
0 4 49
0 5 16
0 6 93
0 7 38
0 8 22
0 9 26
0 10 82
0 11 77
0 12 93
0 13 83
0 14 100
0 15 50
0 16 55
0 17 15
0 18 93
0 19 90
0 20 2
0 21 69
0 22 72
0 23 7
0 24 97
0 25 25
0 26 10
0 27 66
0 28 8
0 29 52
0 30 81
0 31 97
0 32 75
0 33 66
0 34 71
0 35 23
0 36 82
0 37 15
0 38 12
0 39 3
0 40 41
0 41 46
0 42 32
0 43 85
0 44 28
0 45 83
0 46 86
0 47 83
0 48 49
0 49 79
0 50 24
0 51 3
0 52 99
0 53 47
0 54 61
0 55 95
0 56 72
0 57 71
0 58 12
0 59 79
0 60 22
0 61 93
0 62 28
0 63 48
1 2 58
1 3 50
1 4 22
1 5 91
1 6 64
1 7 34
1 8 46
1 9 56
1 10 31
1 11 29
1 12 41
1 13 58
1 14 63
1 15 78
1 16 92
1 17 12
1 18 56
1 19 67
1 20 14
1 21 6
1 22 14
1 23 74
1 24 1
1 25 37
1 26 96
1 27 64
1 28 67
1 29 70
1 30 56
1 31 94
1 32 69
1 33 66
1 34 43
1 35 91
1 36 8
1 37 59
1 38 76
1 39 5
1 40 14
1 41 6
1 42 33
1 43 6
1 44 15
1 45 96
1 46 84
1 47 59
1 48 59
1 49 91
1 50 77
1 51 72
1 52 97
1 53 42
1 54 97
1 55 49
1 56 78
1 57 45
1 58 12
1 59 45
1 60 66
1 61 20
1 62 90
1 63 34
2 3 37
2 4 85
2 5 76
2 6 96
2 7 43
2 8 3
2 9 1
2 10 8
2 11 60
2 12 33
2 13 14
2 14 75
2 15 80
2 16 49
2 17 85
2 18 38
2 19 39
2 20 61
2 21 61
2 22 87
2 23 3
2 24 10
2 25 87
2 26 32
2 27 54
2 28 51
2 29 76
2 30 19
2 31 22
2 32 18
2 33 4
2 34 10
2 35 2
2 36 80
2 37 5
2 38 96
2 39 34
2 40 5
2 41 3
2 42 94
2 43 90
2 44 68
2 45 68
2 46 69
2 47 16
2 48 4
2 49 59
2 50 7
2 51 64
2 52 19
2 53 93
2 54 18
2 55 28
2 56 32
2 57 50
2 58 33
2 59 82
2 60 77
2 61 3
2 62 3
2 63 94
3 4 7
3 5 12
3 6 47
3 7 38
3 8 68
3 9 94
3 10 71
3 11 73
3 12 97
3 13 64
3 14 14
3 15 64
3 16 83
3 17 34
3 18 32
3 19 86
3 20 92
3 21 38
3 22 2
3 23 11
3 24 82
3 25 19
3 26 90
3 27 13
3 28 20
3 29 23
3 30 46
3 31 97
3 32 25
3 33 100
3 34 42
3 35 83
3 36 63
3 37 41
3 38 72
3 39 31
3 40 34
3 41 43
3 42 55
3 43 82
3 44 58
3 45 68
3 46 98
3 47 93
3 48 53
3 49 29
3 50 30
3 51 45
3 52 66
3 53 31
3 54 7
3 55 99
3 56 2
3 57 96
3 58 12
3 59 73
3 60 70
3 61 9
3 62 69
3 63 95
4 5 9
4 6 63
4 7 29
4 8 71
4 9 55
4 10 1
4 11 1
4 12 88
4 13 43
4 14 55
4 15 22
4 16 52
4 17 74
4 18 19
4 19 44
4 20 27
4 21 47
4 22 26
4 23 23
4 24 64
4 25 8
4 26 29
4 27 14
4 28 9
4 29 24
4 30 25
4 31 82
4 32 46
4 33 34
4 34 2
4 35 40
4 36 94
4 37 16
4 38 68
4 39 64
4 40 70
4 41 68
4 42 65
4 43 58
4 44 62
4 45 71
4 46 79
4 47 66
4 48 97
4 49 49
4 50 61
4 51 23
4 52 47
4 53 86
4 54 45
4 55 10
4 56 94
4 57 25
4 58 75
4 59 54
4 60 100
4 61 52
4 62 87
4 63 45
5 6 37
5 7 89
5 8 36
5 9 30
5 10 4
5 11 4
5 12 93
5 13 26
5 14 23
5 15 57
5 16 83
5 17 37
5 18 80
5 19 13
5 20 2
5 21 76
5 22 13
5 23 62
5 24 50
5 25 59
5 26 100
5 27 46
5 28 20
5 29 93
5 30 70
5 31 94
5 32 98
5 33 21
5 34 45
5 35 85
5 36 66
5 37 81
5 38 73
5 39 1
5 40 10
5 41 28
5 42 56
5 43 3
5 44 53
5 45 31
5 46 11
5 47 87
5 48 67
5 49 42
5 50 51
5 51 20
5 52 17
5 53 15
5 54 33
5 55 18
5 56 73
5 57 32
5 58 63
5 59 92
5 60 76
5 61 84
5 62 38
5 63 74
6 7 57
6 8 82
6 9 58
6 10 22
6 11 15
6 12 82
6 13 74
6 14 24
6 15 61
6 16 82
6 17 78
6 18 66
6 19 12
6 20 41
6 21 4
6 22 30
6 23 82
6 24 7
6 25 49
6 26 51
6 27 21
6 28 33
6 29 20
6 30 94
6 31 17
6 32 35
6 33 37
6 34 92
6 35 18
6 36 26
6 37 17
6 38 26
6 39 8
6 40 74
6 41 47
6 42 74
6 43 7
6 44 73
6 45 49
6 46 68
6 47 54
6 48 27
6 49 85
6 50 17
6 51 19
6 52 88
6 53 46
6 54 52
6 55 46
6 56 46
6 57 2
6 58 67
6 59 30
6 60 74
6 61 12
6 62 46
6 63 8
7 8 100
7 9 38
7 10 77
7 11 26
7 12 54
7 13 3
7 14 85
7 15 80
7 16 1
7 17 58
7 18 86
7 19 73
7 20 6
7 21 5
7 22 78
7 23 84
7 24 41
7 25 94
7 26 54
7 27 81
7 28 91
7 29 6
7 30 26
7 31 88
7 32 59
7 33 44
7 34 18
7 35 32
7 36 7
7 37 63
7 38 39
7 39 7
7 40 100
7 41 68
7 42 84
7 43 6
7 44 70
7 45 20
7 46 37
7 47 70
7 48 77
7 49 74
7 50 95
7 51 34
7 52 31
7 53 72
7 54 70
7 55 71
7 56 66
7 57 23
7 58 51
7 59 8
7 60 80
7 61 29
7 62 96
7 63 39
8 9 72
8 10 13
8 11 22
8 12 31
8 13 27
8 14 61
8 15 89
8 16 27
8 17 80
8 18 72
8 19 84
8 20 49
8 21 91
8 22 20
8 23 18
8 24 19
8 25 93
8 26 12
8 27 4
8 28 23
8 29 36
8 30 25
8 31 46
8 32 53
8 33 100
8 34 96
8 35 60
8 36 79
8 37 76
8 38 55
8 39 69
8 40 100
8 41 19
8 42 91
8 43 30
8 44 46
8 45 3
8 46 18
8 47 24
8 48 82
8 49 41
8 50 7
8 51 30
8 52 83
8 53 78
8 54 99
8 55 1
8 56 22
8 57 63
8 58 56
8 59 45
8 60 98
8 61 81
8 62 90
8 63 50
9 10 80
9 11 37
9 12 61
9 13 10
9 14 65
9 15 68
9 16 79
9 17 64
9 18 86
9 19 69
9 20 45
9 21 83
9 22 23
9 23 14
9 24 6
9 25 4
9 26 54
9 27 64
9 28 85
9 29 36
9 30 93
9 31 83
9 32 88
9 33 15
9 34 45
9 35 43
9 36 11
9 37 94
9 38 75
9 39 52
9 40 95
9 41 6
9 42 40
9 43 56
9 44 68
9 45 4
9 46 23
9 47 46
9 48 19
9 49 60
9 50 66
9 51 15
9 52 43
9 53 88
9 54 28
9 55 48
9 56 43
9 57 33
9 58 64
9 59 27
9 60 68
9 61 56
9 62 9
9 63 7
10 11 22
10 12 6
10 13 2
10 14 32
10 15 51
10 16 76
10 17 83
10 18 46
10 19 34
10 20 75
10 21 53
10 22 1
10 23 78
10 24 75
10 25 98
10 26 49
10 27 34
10 28 63
10 29 63
10 30 76
10 31 2
10 32 91
10 33 76
10 34 44
10 35 23
10 36 91
10 37 22
10 38 43
10 39 98
10 40 82
10 41 49
10 42 20
10 43 87
10 44 2
10 45 3
10 46 90
10 47 78
10 48 38
10 49 35
10 50 11
10 51 12
10 52 39
10 53 63
10 54 41
10 55 13
10 56 60
10 57 89
10 58 98
10 59 22
10 60 52
10 61 26
10 62 75
10 63 94
11 12 53
11 13 70
11 14 68
11 15 43
11 16 91
11 17 62
11 18 92
11 19 72
11 20 11
11 21 11
11 22 11
11 23 12
11 24 66
11 25 100
11 26 41
11 27 3
11 28 86
11 29 3
11 30 66
11 31 24
11 32 65
11 33 6
11 34 88
11 35 24
11 36 95
11 37 85
11 38 97
11 39 98
11 40 10
11 41 71
11 42 43
11 43 62
11 44 92
11 45 10
11 46 56
11 47 82
11 48 72
11 49 48
11 50 6
11 51 34
11 52 10
11 53 16
11 54 97
11 55 75
11 56 67
11 57 90
11 58 29
11 59 52
11 60 92
11 61 94
11 62 27
11 63 57
12 13 52
12 14 14
12 15 32
12 16 98
12 17 50
12 18 29
12 19 47
12 20 12
12 21 51
12 22 89
12 23 25
12 24 43
12 25 50
12 26 81
12 27 76
12 28 21
12 29 80
12 30 33
12 31 6
12 32 41
12 33 48
12 34 55
12 35 68
12 36 66
12 37 44
12 38 96
12 39 69
12 40 35
12 41 42
12 42 95
12 43 43
12 44 45
12 45 60
12 46 27
12 47 42
12 48 10
12 49 7
12 50 88
12 51 73
12 52 57
12 53 28
12 54 97
12 55 51
12 56 77
12 57 29
12 58 79
12 59 50
12 60 8
12 61 11
12 62 7
12 63 1
13 14 11
13 15 61
13 16 68
13 17 28
13 18 4
13 19 15
13 20 97
13 21 91
13 22 56
13 23 91
13 24 85
13 25 100
13 26 3
13 27 11
13 28 93
13 29 64
13 30 17
13 31 32
13 32 36
13 33 26
13 34 59
13 35 32
13 36 28
13 37 36
13 38 61
13 39 58
13 40 37
13 41 20
13 42 21
13 43 43
13 44 20
13 45 31
13 46 4
13 47 87
13 48 58
13 49 7
13 50 2
13 51 6
13 52 49
13 53 9
13 54 49
13 55 34
13 56 61
13 57 51
13 58 44
13 59 5
13 60 14
13 61 13
13 62 37
13 63 1
14 15 38
14 16 95
14 17 84
14 18 17
14 19 82
14 20 44
14 21 75
14 22 18
14 23 16
14 24 95
14 25 61
14 26 87
14 27 77
14 28 64
14 29 26
14 30 86
14 31 22
14 32 79
14 33 92
14 34 71
14 35 87
14 36 40
14 37 56
14 38 99
14 39 42
14 40 99
14 41 4
14 42 7
14 43 63
14 44 40
14 45 7
14 46 52
14 47 34
14 48 90
14 49 69
14 50 68
14 51 86
14 52 43
14 53 85
14 54 1
14 55 89
14 56 45
14 57 39
14 58 65
14 59 60
14 60 64
14 61 50
14 62 34
14 63 42
15 16 93
15 17 56
15 18 81
15 19 32
15 20 11
15 21 79
15 22 73
15 23 61
15 24 34
15 25 31
15 26 24
15 27 73
15 28 37
15 29 75
15 30 59
15 31 27
15 32 95
15 33 26
15 34 64
15 35 37
15 36 10
15 37 16
15 38 77
15 39 7
15 40 54
15 41 41
15 42 18
15 43 18
15 44 43
15 45 3
15 46 11
15 47 35
15 48 58
15 49 91
15 50 19
15 51 20
15 52 22
15 53 43
15 54 81
15 55 55
15 56 74
15 57 56
15 58 28
15 59 10
15 60 82
15 61 38
15 62 88
15 63 77
16 17 63
16 18 3
16 19 65
16 20 24
16 21 18
16 22 42
16 23 82
16 24 24
16 25 34
16 26 100
16 27 93
16 28 28
16 29 2
16 30 3
16 31 63
16 32 12
16 33 46
16 34 33
16 35 31
16 36 67
16 37 75
16 38 63
16 39 21
16 40 100
16 41 70
16 42 100
16 43 62
16 44 52
16 45 37
16 46 1
16 47 80
16 48 51
16 49 4
16 50 96
16 51 75
16 52 73
16 53 89
16 54 8
16 55 96
16 56 75
16 57 7
16 58 88
16 59 2
16 60 61
16 61 43
16 62 16
16 63 72
17 18 88
17 19 48
17 20 54
17 21 6
17 22 75
17 23 69
17 24 26
17 25 26
17 26 38
17 27 78
17 28 87
17 29 41
17 30 66
17 31 40
17 32 72
17 33 17
17 34 43
17 35 68
17 36 43
17 37 67
17 38 8
17 39 50
17 40 63
17 41 82
17 42 9
17 43 2
17 44 84
17 45 69
17 46 96
17 47 51
17 48 92
17 49 83
17 50 51
17 51 97
17 52 88
17 53 25
17 54 65
17 55 66
17 56 2
17 57 3
17 58 43
17 59 41
17 60 43
17 61 60
17 62 80
17 63 15
18 19 76
18 20 74
18 21 34
18 22 70
18 23 40
18 24 41
18 25 20
18 26 54
18 27 23
18 28 28
18 29 8
18 30 58
18 31 48
18 32 3
18 33 8
18 34 39
18 35 86
18 36 58
18 37 35
18 38 25
18 39 34
18 40 52
18 41 42
18 42 88
18 43 54
18 44 36
18 45 28
18 46 48
18 47 96
18 48 7
18 49 62
18 50 71
18 51 80
18 52 47
18 53 41
18 54 71
18 55 88
18 56 12
18 57 25
18 58 62
18 59 39
18 60 32
18 61 71
18 62 38
18 63 86
19 20 30
19 21 28
19 22 71
19 23 40
19 24 14
19 25 48
19 26 25
19 27 65
19 28 89
19 29 12
19 30 18
19 31 25
19 32 39
19 33 66
19 34 20
19 35 45
19 36 79
19 37 42
19 38 76
19 39 78
19 40 34
19 41 47
19 42 17
19 43 45
19 44 23
19 45 78
19 46 35
19 47 6
19 48 100
19 49 24
19 50 91
19 51 81
19 52 51
19 53 14
19 54 20
19 55 65
19 56 13
19 57 45
19 58 29
19 59 1
19 60 56
19 61 99
19 62 77
19 63 47
20 21 64
20 22 96
20 23 43
20 24 94
20 25 90
20 26 19
20 27 71
20 28 23
20 29 17
20 30 87
20 31 20
20 32 91
20 33 16
20 34 6
20 35 48
20 36 67
20 37 30
20 38 90
20 39 48
20 40 80
20 41 55
20 42 19
20 43 96
20 44 67
20 45 63
20 46 25
20 47 68
20 48 71
20 49 23
20 50 96
20 51 17
20 52 38
20 53 92
20 54 59
20 55 83
20 56 33
20 57 29
20 58 6
20 59 55
20 60 97
20 61 44
20 62 26
20 63 87
21 22 60
21 23 84
21 24 34
21 25 78
21 26 13
21 27 76
21 28 25
21 29 44
21 30 30
21 31 96
21 32 40
21 33 97
21 34 58
21 35 16
21 36 16
21 37 80
21 38 90
21 39 11
21 40 48
21 41 79
21 42 54
21 43 7
21 44 61
21 45 86
21 46 87
21 47 66
21 48 93
21 49 84
21 50 10
21 51 18
21 52 22
21 53 21
21 54 1
21 55 8
21 56 50
21 57 65
21 58 83
21 59 27
21 60 61
21 61 12
21 62 22
21 63 52
22 23 8
22 24 79
22 25 19
22 26 75
22 27 11
22 28 8
22 29 86
22 30 58
22 31 86
22 32 39
22 33 16
22 34 98
22 35 25
22 36 3
22 37 16
22 38 17
22 39 38
22 40 77
22 41 86
22 42 59
22 43 97
22 44 39
22 45 66
22 46 98
22 47 55
22 48 100
22 49 24
22 50 15
22 51 12
22 52 45
22 53 18
22 54 71
22 55 76
22 56 36
22 57 46
22 58 86
22 59 43
22 60 83
22 61 95
22 62 80
22 63 21
23 24 11
23 25 78
23 26 97
23 27 65
23 28 93
23 29 65
23 30 2
23 31 69
23 32 3
23 33 12
23 34 17
23 35 41
23 36 30
23 37 14
23 38 47
23 39 29
23 40 90
23 41 62
23 42 92
23 43 34
23 44 79
23 45 63
23 46 61
23 47 67
23 48 60
23 49 98
23 50 9
23 51 42
23 52 93
23 53 89
23 54 14
23 55 3
23 56 18
23 57 63
23 58 19
23 59 62
23 60 79
23 61 72
23 62 30
23 63 81
24 25 83
24 26 98
24 27 73
24 28 12
24 29 63
24 30 20
24 31 93
24 32 52
24 33 33
24 34 84
24 35 38
24 36 63
24 37 98
24 38 98
24 39 29
24 40 57
24 41 96
24 42 90
24 43 50
24 44 88
24 45 78
24 46 64
24 47 42
24 48 47
24 49 78
24 50 12
24 51 8
24 52 56
24 53 83
24 54 89
24 55 37
24 56 65
24 57 86
24 58 61
24 59 29
24 60 48
24 61 80
24 62 21
24 63 52
25 26 64
25 27 56
25 28 89
25 29 27
25 30 54
25 31 38
25 32 7
25 33 62
25 34 33
25 35 96
25 36 12
25 37 72
25 38 25
25 39 27
25 40 13
25 41 71
25 42 4
25 43 24
25 44 78
25 45 59
25 46 6
25 47 18
25 48 47
25 49 23
25 50 3
25 51 8
25 52 3
25 53 3
25 54 39
25 55 75
25 56 6
25 57 3
25 58 30
25 59 94
25 60 81
25 61 35
25 62 31
25 63 39
26 27 97
26 28 16
26 29 35
26 30 60
26 31 87
26 32 11
26 33 86
26 34 52
26 35 82
26 36 41
26 37 27
26 38 11
26 39 99
26 40 85
26 41 81
26 42 98
26 43 7
26 44 83
26 45 5
26 46 9
26 47 37
26 48 95
26 49 83
26 50 42
26 51 49
26 52 64
26 53 35
26 54 81
26 55 99
26 56 18
26 57 20
26 58 47
26 59 33
26 60 6
26 61 6
26 62 71
26 63 16
27 28 43
27 29 22
27 30 49
27 31 83
27 32 49
27 33 12
27 34 33
27 35 33
27 36 92
27 37 30
27 38 91
27 39 74
27 40 86
27 41 99
27 42 63
27 43 81
27 44 33
27 45 4
27 46 29
27 47 48
27 48 91
27 49 10
27 50 98
27 51 8
27 52 29
27 53 44
27 54 92
27 55 34
27 56 1
27 57 62
27 58 1
27 59 95
27 60 36
27 61 50
27 62 77
27 63 84
28 29 61
28 30 62
28 31 68
28 32 52
28 33 91
28 34 58
28 35 77
28 36 77
28 37 8
28 38 91
28 39 57
28 40 92
28 41 95
28 42 37
28 43 39
28 44 85
28 45 46
28 46 89
28 47 44
28 48 26
28 49 32
28 50 87
28 51 11
28 52 85
28 53 100
28 54 12
28 55 31
28 56 35
28 57 61
28 58 60
28 59 70
28 60 73
28 61 21
28 62 37
28 63 76
29 30 63
29 31 46
29 32 4
29 33 91
29 34 53
29 35 95
29 36 99
29 37 44
29 38 89
29 39 36
29 40 35
29 41 25
29 42 81
29 43 23
29 44 20
29 45 59
29 46 6
29 47 6
29 48 69
29 49 42
29 50 57
29 51 80
29 52 73
29 53 44
29 54 92
29 55 32
29 56 13
29 57 64
29 58 52
29 59 2
29 60 91
29 61 14
29 62 47
29 63 95
30 31 5
30 32 100
30 33 89
30 34 3
30 35 95
30 36 29
30 37 90
30 38 29
30 39 5
30 40 23
30 41 51
30 42 24
30 43 81
30 44 9
30 45 81
30 46 49
30 47 50
30 48 37
30 49 29
30 50 22
30 51 32
30 52 20
30 53 53
30 54 45
30 55 36
30 56 56
30 57 98
30 58 26
30 59 70
30 60 44
30 61 20
30 62 26
30 63 95
31 32 60
31 33 80
31 34 90
31 35 88
31 36 70
31 37 70
31 38 44
31 39 44
31 40 73
31 41 67
31 42 24
31 43 81
31 44 99
31 45 72
31 46 30
31 47 88
31 48 52
31 49 4
31 50 19
31 51 72
31 52 56
31 53 63
31 54 59
31 55 12
31 56 12
31 57 84
31 58 33
31 59 56
31 60 4
31 61 10
31 62 2
31 63 15
32 33 89
32 34 91
32 35 55
32 36 10
32 37 13
32 38 98
32 39 53
32 40 85
32 41 65
32 42 28
32 43 65
32 44 15
32 45 100
32 46 46
32 47 2
32 48 51
32 49 49
32 50 21
32 51 74
32 52 57
32 53 35
32 54 32
32 55 20
32 56 47
32 57 16
32 58 4
32 59 54
32 60 71
32 61 13
32 62 55
32 63 85
33 34 53
33 35 98
33 36 91
33 37 15
33 38 10
33 39 89
33 40 19
33 41 94
33 42 5
33 43 47
33 44 10
33 45 19
33 46 46
33 47 7
33 48 21
33 49 48
33 50 8
33 51 41
33 52 74
33 53 64
33 54 75
33 55 57
33 56 35
33 57 73
33 58 24
33 59 38
33 60 26
33 61 94
33 62 50
33 63 33
34 35 31
34 36 2
34 37 30
34 38 21
34 39 68
34 40 39
34 41 61
34 42 87
34 43 84
34 44 65
34 45 33
34 46 45
34 47 84
34 48 30
34 49 51
34 50 4
34 51 77
34 52 10
34 53 96
34 54 2
34 55 73
34 56 70
34 57 59
34 58 59
34 59 95
34 60 82
34 61 96
34 62 20
34 63 28
35 36 45
35 37 52
35 38 10
35 39 99
35 40 81
35 41 30
35 42 66
35 43 71
35 44 43
35 45 52
35 46 6
35 47 7
35 48 84
35 49 2
35 50 90
35 51 65
35 52 53
35 53 93
35 54 42
35 55 62
35 56 88
35 57 43
35 58 87
35 59 10
35 60 53
35 61 45
35 62 4
35 63 35
36 37 41
36 38 75
36 39 62
36 40 37
36 41 27
36 42 23
36 43 87
36 44 59
36 45 4
36 46 53
36 47 82
36 48 46
36 49 56
36 50 39
36 51 53
36 52 92
36 53 41
36 54 42
36 55 56
36 56 45
36 57 87
36 58 49
36 59 58
36 60 26
36 61 44
36 62 96
36 63 35
37 38 96
37 39 41
37 40 90
37 41 82
37 42 33
37 43 65
37 44 95
37 45 21
37 46 43
37 47 17
37 48 8
37 49 53
37 50 21
37 51 12
37 52 34
37 53 66
37 54 19
37 55 25
37 56 18
37 57 10
37 58 65
37 59 12
37 60 66
37 61 9
37 62 98
37 63 66
38 39 18
38 40 23
38 41 9
38 42 14
38 43 10
38 44 5
38 45 54
38 46 99
38 47 86
38 48 38
38 49 15
38 50 33
38 51 10
38 52 57
38 53 49
38 54 17
38 55 10
38 56 69
38 57 80
38 58 95
38 59 87
38 60 99
38 61 71
38 62 4
38 63 8
39 40 35
39 41 67
39 42 25
39 43 95
39 44 64
39 45 91
39 46 13
39 47 39
39 48 99
39 49 26
39 50 48
39 51 55
39 52 31
39 53 46
39 54 93
39 55 20
39 56 61
39 57 25
39 58 29
39 59 69
39 60 25
39 61 98
39 62 30
39 63 94
40 41 29
40 42 77
40 43 80
40 44 27
40 45 47
40 46 35
40 47 87
40 48 82
40 49 2
40 50 63
40 51 28
40 52 17
40 53 53
40 54 92
40 55 55
40 56 4
40 57 69
40 58 2
40 59 10
40 60 99
40 61 100
40 62 54
40 63 70
41 42 12
41 43 78
41 44 51
41 45 80
41 46 3
41 47 48
41 48 10
41 49 48
41 50 76
41 51 86
41 52 79
41 53 55
41 54 32
41 55 65
41 56 93
41 57 65
41 58 18
41 59 55
41 60 45
41 61 35
41 62 60
41 63 36
42 43 89
42 44 15
42 45 5
42 46 43
42 47 24
42 48 55
42 49 42
42 50 30
42 51 25
42 52 53
42 53 59
42 54 75
42 55 84
42 56 13
42 57 74
42 58 45
42 59 60
42 60 1
42 61 82
42 62 90
42 63 55
43 44 14
43 45 55
43 46 99
43 47 30
43 48 24
43 49 54
43 50 26
43 51 58
43 52 13
43 53 62
43 54 99
43 55 79
43 56 66
43 57 41
43 58 54
43 59 72
43 60 34
43 61 83
43 62 96
43 63 86
44 45 42
44 46 22
44 47 21
44 48 54
44 49 47
44 50 66
44 51 66
44 52 48
44 53 47
44 54 55
44 55 54
44 56 12
44 57 61
44 58 53
44 59 94
44 60 37
44 61 58
44 62 19
44 63 94
45 46 70
45 47 80
45 48 44
45 49 100
45 50 97
45 51 84
45 52 53
45 53 69
45 54 69
45 55 36
45 56 16
45 57 6
45 58 29
45 59 90
45 60 27
45 61 82
45 62 36
45 63 92
46 47 47
46 48 35
46 49 90
46 50 54
46 51 89
46 52 2
46 53 66
46 54 93
46 55 95
46 56 2
46 57 50
46 58 13
46 59 48
46 60 71
46 61 45
46 62 91
46 63 70
47 48 93
47 49 27
47 50 22
47 51 13
47 52 95
47 53 9
47 54 81
47 55 1
47 56 37
47 57 70
47 58 79
47 59 71
47 60 57
47 61 22
47 62 69
47 63 92
48 49 11
48 50 22
48 51 32
48 52 64
48 53 40
48 54 24
48 55 58
48 56 93
48 57 25
48 58 23
48 59 40
48 60 95
48 61 19
48 62 31
48 63 16
49 50 11
49 51 9
49 52 89
49 53 76
49 54 55
49 55 50
49 56 56
49 57 55
49 58 86
49 59 77
49 60 85
49 61 8
49 62 33
49 63 6
50 51 77
50 52 76
50 53 69
50 54 50
50 55 59
50 56 32
50 57 89
50 58 34
50 59 42
50 60 82
50 61 58
50 62 16
50 63 21
51 52 4
51 53 34
51 54 3
51 55 71
51 56 96
51 57 63
51 58 60
51 59 23
51 60 18
51 61 61
51 62 78
51 63 24
52 53 46
52 54 6
52 55 9
52 56 54
52 57 91
52 58 66
52 59 82
52 60 66
52 61 34
52 62 31
52 63 77
53 54 66
53 55 20
53 56 10
53 57 59
53 58 53
53 59 20
53 60 74
53 61 25
53 62 75
53 63 59
54 55 80
54 56 46
54 57 54
54 58 42
54 59 57
54 60 77
54 61 59
54 62 17
54 63 6
55 56 83
55 57 14
55 58 12
55 59 91
55 60 19
55 61 2
55 62 8
55 63 100
56 57 19
56 58 42
56 59 31
56 60 47
56 61 59
56 62 2
56 63 57
57 58 17
57 59 6
57 60 28
57 61 90
57 62 30
57 63 2
58 59 48
58 60 9
58 61 47
58 62 53
58 63 51
59 60 3
59 61 81
59 62 61
59 63 71
60 61 87
60 62 43
60 63 85
61 62 50
61 63 85
62 63 3
