0 1 32
0 3 34
0 5 5
1 2 11
1 4 10
2 7 37
2 8 2
3 4 49
3 5 17
4 6 1
5 7 31
6 11 36
6 14 21
7 8 32
8 9 26
9 16 22
9 18 34
10 11 1
10 18 21
10 21 3
11 12 8
12 13 10
12 15 27
13 15 15
13 16 45
14 17 20
14 19 24
15 16 46
17 19 17
17 29 41
18 19 19
20 22 6
20 23 39
20 24 45
21 22 4
21 23 7
22 23 40
24 26 2
24 27 30
25 26 49
25 27 40
25 30 9
26 29 40
27 32 23
28 31 18
28 32 42
28 34 21
29 31 24
30 32 44
30 35 3
31 35 16
33 34 40
33 35 30
33 39 10
34 38 43
36 39 40
36 42 9
36 44 44
37 38 41
37 41 25
37 42 42
38 39 28
40 42 13
40 43 36
40 44 16
41 43 9
41 44 49
43 45 39
45 46 5
45 47 42
46 47 4
46 48 17
47 49 13
48 50 46
48 51 2
49 51 9
49 52 49
50 51 28
50 52 21
52 53 49
53 57 12
54 55 17
54 57 38
54 59 13
55 57 14
56 58 22
58 59 18
