0 2 11
0 6 28
0 9 10
1 2 42
1 3 20
1 5 35
2 7 5
3 5 46
3 6 4
4 5 27
4 6 25
4 7 12
7 9 5
8 12 7
8 14 12
8 15 44
9 13 19
10 13 26
10 15 12
10 16 46
11 12 47
11 22 7
11 26 30
12 13 5
14 15 49
14 16 30
16 18 16
17 18 25
17 19 32
17 20 12
18 20 34
19 20 31
19 21 6
21 24 14
21 26 2
22 23 29
22 24 5
23 24 36
23 26 2
25 27 7
25 28 15
25 29 20
27 36 17
27 38 22
28 31 28
28 33 30
29 30 44
29 32 20
30 32 35
30 33 2
31 33 48
31 34 12
32 34 34
34 35 6
35 36 13
35 38 30
36 37 7
37 39 37
37 40 46
38 40 13
39 40 37
39 42 43
41 44 8
41 45 22
41 46 24
42 44 42
42 45 42
43 44 27
43 45 28
