0 3 50
0 4 7
0 5 35
1 4 4
1 6 2
1 7 48
2 3 24
2 6 29
2 8 49
3 4 17
5 7 23
5 8 28
6 9 25
7 8 47
9 11 4
9 12 9
10 11 21
10 12 10
10 13 18
11 14 50
12 13 27
13 18 50
14 16 12
14 18 19
15 17 11
15 19 31
15 20 18
16 19 42
16 21 34
17 18 7
17 21 3
19 20 30
20 21 42
22 23 50
22 25 21
22 27 10
23 25 15
23 26 8
24 28 21
24 29 14
24 32 29
25 30 27
26 28 33
26 34 26
27 28 19
27 32 15
29 31 27
29 33 23
30 31 13
30 33 3
31 32 6
33 34 42
34 36 42
35 36 46
35 37 45
35 40 3
36 37 28
37 39 33
38 39 42
38 40 48
38 41 19
39 40 40
41 42 36
41 46 1
42 43 34
42 44 36
43 44 41
43 45 17
44 47 13
45 47 9
45 49 37
46 47 1
46 48 16
48 49 22
48 50 20
49 52 3
50 51 7
50 53 6
